frame 1: 
SER 66 62.89 61.77 101.73
ALA 63 58.9033 64.6533 105.093
PRO 59 56.34 69.39 105.46
ALA 29 55.09 70.9033 111.343
PHE 28 62.61 73.6 108.93
MET 246 65.08 71.24 107.22
LEU 243 68.1467 66.6433 108.237
ALA 242 64.88 67.4567 103.61
frame 2: 
SER 66 63.88 61.61 101.85
ALA 63 59.57 64.85 105
PRO 59 56.66 69.73 104.81
ALA 29 55.6233 71.06 110.663
PHE 28 62.56 73.34 108.69
MET 246 64.55 71.1 107.11
LEU 243 68.4567 66.4833 108.19
ALA 242 64.9733 67.1333 102.973
frame 3: 
SER 66 63.19 62.2 101.97
ALA 63 59.15 64.8667 105.053
PRO 59 56.34 69.32 105.45
ALA 29 55.1967 70.9667 110.713
PHE 28 62.26 73.46 109.05
MET 246 64.87 71.42 106.81
LEU 243 68.29 67.1833 108.323
ALA 242 65.03 67.2133 103.583
frame 4: 
SER 66 63.46 61.8 102.17
ALA 63 58.74 64.39 104.73
PRO 59 56.37 69.74 105.09
ALA 29 55.0767 70.67 111.307
PHE 28 62.45 72.74 109.22
MET 246 65.09 71.18 107.08
LEU 243 69.15 67.43 108.85
ALA 242 65.27 67.27 103.603
frame 5: 
SER 66 63.11 61.66 101.72
ALA 63 58.8633 64.42 104.497
PRO 59 56.14 69.37 105.1
ALA 29 54.5033 70.73 110.743
PHE 28 62.27 72.82 108.98
MET 246 64.78 70.44 107.27
LEU 243 68.2133 66.6867 108.46
ALA 242 65.0033 66.94 103.237
frame 6: 
SER 66 63.27 61.14 101.87
ALA 63 59.1233 64.4867 104.803
PRO 59 56.39 68.87 104.8
ALA 29 54.61 70.1567 110.51
PHE 28 62.89 73.1 108.88
MET 246 65.3 70.01 107.18
LEU 243 68.8533 66.6767 108.587
ALA 242 65.01 67.12 102.6
frame 7: 
SER 66 63.36 61.66 101.9
ALA 63 59.2367 65.2233 104.74
PRO 59 56.37 69.65 104.85
ALA 29 55.3967 70.7067 110.847
PHE 28 61.92 72.21 108.97
MET 246 65.51 70.58 107.28
LEU 243 68.9767 66.5567 108.483
ALA 242 64.9 66.88 103.083
frame 8: 
SER 66 62.79 61.99 101.78
ALA 63 58.81 64.3333 104.51
PRO 59 55.97 69.39 105.21
ALA 29 55.1233 70.2933 110.883
PHE 28 62.09 72.56 108.84
MET 246 64.93 70.58 106.97
LEU 243 67.82 66.61 108.367
ALA 242 65.0267 66.9367 103.053
frame 9: 
SER 66 63.45 61.68 101.91
ALA 63 59.2233 64.91 104.533
PRO 59 56.31 69.66 105.17
ALA 29 55.11 70.68 111.137
PHE 28 62.15 72.83 108.7
MET 246 64.91 70.67 106.91
LEU 243 68.12 66.8 108.547
ALA 242 64.8067 67.1067 102.987
frame 10: 
SER 66 63.44 61.2 101.82
ALA 63 58.7667 64.6667 104.8
PRO 59 56.3 69.14 104.89
ALA 29 54.77 70.6267 111.027
PHE 28 62.49 73.66 109.32
MET 246 65.14 70.27 107.15
LEU 243 68.2967 66.3167 108.44
ALA 242 65.1067 66.8833 103.38
frame 11: 
SER 66 63.08 61.4 101.67
ALA 63 59.15 64.6 104.483
PRO 59 56.17 69.49 105.2
ALA 29 54.7433 70.4867 110.653
PHE 28 61.98 72.78 108.39
MET 246 64.97 70.3 106.88
LEU 243 67.8367 66.5033 108.087
ALA 242 64.7933 67.2167 102.583
frame 12: 
SER 66 63.1 61.73 101.67
ALA 63 59.0067 64.36 104.64
PRO 59 56.27 69.28 104.58
ALA 29 54.6567 70.3933 110.623
PHE 28 62.16 71.73 109.07
MET 246 64.81 70.76 107.41
LEU 243 68.4567 66.4067 108.153
ALA 242 65.34 67.1933 103.453
frame 13: 
SER 66 62.89 61.76 101.49
ALA 63 58.8267 64.84 104.45
PRO 59 56.2 69.56 104.8
ALA 29 54.4833 70.8433 111.44
PHE 28 61.84 72.78 108.54
MET 246 64.67 70.52 106.86
LEU 243 68.0567 66.4333 107.76
ALA 242 64.7867 67.2667 102.707
frame 14: 
SER 66 63.31 61.19 101.23
ALA 63 58.9433 64.2367 104.47
PRO 59 55.81 68.58 105.19
ALA 29 55.3367 70.5567 110.33
PHE 28 62.34 72.51 109.19
MET 246 64.74 70.54 107.56
LEU 243 68.2133 66.65 108.25
ALA 242 64.96 67.2633 103.427
frame 15: 
SER 66 63.29 61.63 101.36
ALA 63 58.9333 64.7467 104.533
PRO 59 55.91 69.47 104.78
ALA 29 55.0933 70.1267 110.153
PHE 28 62.69 73.03 108.93
MET 246 65.45 70.15 107.09
LEU 243 68.27 66.4233 108.23
ALA 242 65.18 66.9967 102.837
frame 16: 
SER 66 63.7 62.03 101.51
ALA 63 59.1933 64.9833 104.703
PRO 59 56.16 69.89 104.85
ALA 29 54.48 70.6167 110.997
PHE 28 62.5 72.84 109.25
MET 246 65.63 70.89 106.6
LEU 243 68.36 66.63 108.063
ALA 242 65.2833 67.25 102.84
frame 17: 
SER 66 63.29 61.69 101.36
ALA 63 59.2233 64.5067 104.65
PRO 59 56.58 69.13 104.88
ALA 29 54.8767 70.5267 110.45
PHE 28 62.47 73.26 108.64
MET 246 65.48 70.28 107.06
LEU 243 68.4 66.5667 107.99
ALA 242 65.0433 67.13 102.863
frame 18: 
SER 66 63.13 61.88 101.23
ALA 63 59.2567 64.7467 104.557
PRO 59 56.24 69.14 105.42
ALA 29 55.2233 70.5767 110.397
PHE 28 62.34 73.6 108.48
MET 246 65.56 70.2 107.21
LEU 243 68.8833 65.9567 108.13
ALA 242 64.9967 66.8967 103.187
frame 19: 
SER 66 62.67 61.64 101.88
ALA 63 58.2667 64.2367 104.523
PRO 59 55.83 69.27 105.01
ALA 29 54.6567 70.5633 110.98
PHE 28 62.9 73 109.81
MET 246 64.59 70.72 106.96
LEU 243 68.4133 66.57 108.043
ALA 242 64.7733 67.33 103.163
frame 20: 
SER 66 63.48 61.18 101.32
ALA 63 58.4667 64.6667 104.793
PRO 59 55.45 69.06 105.56
ALA 29 53.99 70.8167 111.097
PHE 28 61.78 73.97 108.93
MET 246 65.04 70.71 106.43
LEU 243 67.7633 66.8533 107.653
ALA 242 64.7767 67.36 102.687
frame 21: 
SER 66 63.03 61.64 101.02
ALA 63 59.2033 64.3667 104.137
PRO 59 55.98 69.36 104.72
ALA 29 54.6933 70.3867 110.827
PHE 28 62.06 73.94 108.61
MET 246 64.84 70.7 106.32
LEU 243 68.0033 66.8933 107.9
ALA 242 64.5267 67.6467 102.143
frame 22: 
SER 66 62.69 61.72 101.05
ALA 63 59.0667 64.5133 104.14
PRO 59 56.44 69.03 104.69
ALA 29 54.5967 70.6133 110.773
PHE 28 62 72.9 107.96
MET 246 65.18 70.96 106.57
LEU 243 67.9133 66.7233 108.023
ALA 242 65.01 67.3833 102.983
frame 23: 
SER 66 62.94 61.66 101.3
ALA 63 59.0267 63.95 104.373
PRO 59 56.66 69.39 104.48
ALA 29 54.9833 70.7933 110.79
PHE 28 62.07 72.39 108.5
MET 246 64.96 70.55 106.56
LEU 243 68.0267 66.5033 108.113
ALA 242 64.8833 67.1 102.37
frame 24: 
SER 66 63.49 61.41 101.12
ALA 63 59.7667 64.2533 103.983
PRO 59 57.15 69.73 104.43
ALA 29 55.2067 70.6833 110.92
PHE 28 62.12 73.15 108.32
MET 246 65.41 70.59 106.76
LEU 243 67.9333 66.9733 108.113
ALA 242 64.8433 67.6333 102.42
frame 25: 
SER 66 63.45 61.25 101.54
ALA 63 58.9167 64.59 104.56
PRO 59 56.39 69.33 105.21
ALA 29 55.0467 70.8633 110.943
PHE 28 62.28 73.28 108.76
MET 246 65.14 70.79 106.82
LEU 243 67.7533 67.09 108.287
ALA 242 64.8733 67.2 102.94
frame 26: 
SER 66 63.59 61.06 101.29
ALA 63 58.63 64.0867 104.45
PRO 59 55.86 69.22 105.58
ALA 29 54.6733 70.38 110.963
PHE 28 61.61 72.18 108.35
MET 246 64.8 70.5 106.88
LEU 243 67.1833 66.2433 108.09
ALA 242 64.6867 67.2167 102.683
frame 27: 
SER 66 63.75 61.74 101.29
ALA 63 59.24 64.36 104.49
PRO 59 56.37 69.16 105.07
ALA 29 54.8533 70.5267 110.88
PHE 28 62.5 73.02 108.77
MET 246 65.38 70.57 106.72
LEU 243 68.2267 66.5633 108.223
ALA 242 65.1 67.62 102.397
frame 28: 
SER 66 63.8 61.12 101.44
ALA 63 58.9167 64.4867 104.193
PRO 59 56.19 69.13 104.95
ALA 29 55.24 70.6133 110.87
PHE 28 61.83 72.87 108.58
MET 246 64.78 70.34 106.73
LEU 243 66.99 66.6633 107.843
ALA 242 64.86 66.9133 102.587
frame 29: 
SER 66 63.57 61.12 101.46
ALA 63 59.5433 64.09 104.183
PRO 59 56.51 68.41 105.33
ALA 29 55.3233 70.3 110.63
PHE 28 62.66 72.87 108.5
MET 246 66.37 70.7 106.76
LEU 243 68.2933 66.7967 107.93
ALA 242 65.11 67.7867 102.46
frame 30: 
SER 66 64.12 60.96 101.1
ALA 63 59.5167 64.2367 104.413
PRO 59 56.27 68.69 105.39
ALA 29 55.2867 70.4467 110.733
PHE 28 62.99 73.21 108.44
MET 246 65.79 70.49 106.67
LEU 243 68.86 66.2767 107.64
ALA 242 65.2333 67.24 102.787
frame 31: 
SER 66 64.04 61.41 101.25
ALA 63 59.25 64.8733 104.17
PRO 59 56.89 69.45 103.95
ALA 29 55.08 70.65 110.54
PHE 28 61.67 72.88 107.82
MET 246 64.9 70.96 106.35
LEU 243 67.84 66.6467 107.897
ALA 242 65.07 67.0167 102.157
frame 32: 
SER 66 63.48 61.57 100.92
ALA 63 59.3033 64.2933 104.263
PRO 59 56.62 69.46 104.33
ALA 29 55.3933 70.3367 110.203
PHE 28 62.6 73.46 108.19
MET 246 65.02 71.06 105.95
LEU 243 68.3867 66.8567 107.847
ALA 242 65.2333 67.4433 102.26
frame 33: 
SER 66 62.86 61.99 101.42
ALA 63 58.81 64.5933 104.537
PRO 59 56.44 70.05 104.31
ALA 29 54.9033 70.5367 110.42
PHE 28 62.11 73.33 108.15
MET 246 64.19 70.42 106.36
LEU 243 67.57 66.66 107.347
ALA 242 64.8533 67.32 102.053
frame 34: 
SER 66 63.21 61.76 100.57
ALA 63 58.9767 64.77 103.893
PRO 59 55.79 69.06 105.05
ALA 29 54.6 70.8367 110.853
PHE 28 61.41 73.45 108.29
MET 246 64.47 71.04 106.41
LEU 243 67.1367 66.8 108.083
ALA 242 64.5767 67.8967 102.423
frame 35: 
SER 66 63.81 62.14 101.28
ALA 63 59.3967 65.1633 104.503
PRO 59 56.64 70.09 104.79
ALA 29 54.5433 70.4267 110.967
PHE 28 62.31 73.95 109.08
MET 246 64.98 71.06 106.62
LEU 243 67.8933 67.02 107.83
ALA 242 65.0067 68.0033 102.413
frame 36: 
SER 66 63.81 62.08 101.43
ALA 63 59.7467 64.7267 104.313
PRO 59 56.63 69.63 105.08
ALA 29 55.3867 70.6633 111.037
PHE 28 62.55 73.73 108.58
MET 246 64.74 70.91 106.9
LEU 243 67.9933 66.4567 108.567
ALA 242 65.1867 67.27 103.11
frame 37: 
SER 66 63.29 62.32 101.37
ALA 63 59.5133 64.74 104.043
PRO 59 56.56 69.39 105.08
ALA 29 54.9767 70.5867 111.21
PHE 28 61.55 73.96 108.4
MET 246 65.15 71.11 106.73
LEU 243 67.6667 66.9533 108.227
ALA 242 65.14 67.5867 102.91
frame 38: 
SER 66 63.44 61.44 101.38
ALA 63 59.3767 65 104.33
PRO 59 56.46 69.72 104.82
ALA 29 55.3633 70.1833 110.433
PHE 28 61.66 74.05 108.43
MET 246 64.5 71.16 106.42
LEU 243 67.01 66.66 108.22
ALA 242 64.9233 67.61 102.33
frame 39: 
SER 66 63.32 62.02 101.45
ALA 63 59.1667 65.22 104.023
PRO 59 56.57 69.62 104.63
ALA 29 55.3233 70.28 110.527
PHE 28 62.15 72.97 108.2
MET 246 64.57 71.19 106.6
LEU 243 67.62 66.7667 107.403
ALA 242 64.9133 67.5967 102.563
frame 40: 
SER 66 63.21 61.46 101.11
ALA 63 59.3367 64.5567 104.23
PRO 59 56.72 70.04 104.25
ALA 29 54.86 70.3867 111.11
PHE 28 62.5 73.41 108.6
MET 246 64.42 70.81 106.28
LEU 243 67.1433 65.9333 108.127
ALA 242 64.78 67.2233 102.153
frame 41: 
SER 66 63.47 61.51 101.51
ALA 63 59.2533 64.9167 104.37
PRO 59 56.76 69.56 104.69
ALA 29 54.4933 70.4933 111.203
PHE 28 62.31 73.54 108.45
MET 246 64.76 70.23 106.83
LEU 243 68.23 66.57 108.387
ALA 242 65.0833 67.3967 102.407
frame 42: 
SER 66 63.57 61.83 101.79
ALA 63 59.09 64.77 104.253
PRO 59 56.55 69.36 104.54
ALA 29 55.3833 70.4367 111.057
PHE 28 61.94 72.8 108.24
MET 246 65.5 70.63 106.75
LEU 243 68.2133 66.3633 107.823
ALA 242 65.3 67.41 102.92
frame 43: 
SER 66 63.72 61.97 101.84
ALA 63 59.1867 65.0633 104.42
PRO 59 56.59 69.94 104.52
ALA 29 54.94 70.3267 110.717
PHE 28 62.11 73.22 108.68
MET 246 64.87 70.5 106.61
LEU 243 68.2767 65.7933 107.8
ALA 242 65.08 66.9133 102.717
frame 44: 
SER 66 63.27 61.44 101.25
ALA 63 58.93 64.2833 104.13
PRO 59 56.33 68.79 105.16
ALA 29 54.84 70.5567 110.633
PHE 28 62.32 74.16 108.9
MET 246 64.63 70.66 106.8
LEU 243 67.62 66.6567 108.46
ALA 242 64.75 67.4033 102.613
frame 45: 
SER 66 63.22 61.68 101.15
ALA 63 59.3767 64.13 104.327
PRO 59 56.11 68.64 104.79
ALA 29 54.7867 70.14 110.947
PHE 28 61.73 72.11 107.81
MET 246 64.73 70.55 106.48
LEU 243 68.0133 66.4833 107.953
ALA 242 64.9033 67.24 102.667
frame 46: 
SER 66 63.7 61.85 101.06
ALA 63 58.8333 65.09 104.163
PRO 59 56 69.37 104.92
ALA 29 54.88 70.4767 110.61
PHE 28 61.72 74.14 108.14
MET 246 64.82 70.78 106.7
LEU 243 68.1633 66.6033 108.243
ALA 242 64.9167 66.9933 103.28
frame 47: 
SER 66 63.26 62.18 101.45
ALA 63 59.06 64.5267 104.497
PRO 59 56.17 68.95 104.61
ALA 29 55.4067 70.4233 110.393
PHE 28 61.84 73.77 108.14
MET 246 64.56 70.3 106.68
LEU 243 67.8867 66.1233 108.51
ALA 242 64.94 67.0233 102.467
frame 48: 
SER 66 63.53 61.19 101.71
ALA 63 58.8933 64.27 104.633
PRO 59 55.88 69.2 105.18
ALA 29 54.85 70.12 110.737
PHE 28 61.66 71.89 107.77
MET 246 64.45 70.94 107.11
LEU 243 67.5633 66.4733 108.32
ALA 242 64.8267 67.32 102.683
frame 49: 
SER 66 63.4 61.24 101.17
ALA 63 59.4067 63.9967 103.937
PRO 59 55.59 68.52 104.86
ALA 29 55.0167 70.06 110.803
PHE 28 62.09 73.5 108.46
MET 246 65.22 70.89 106.24
LEU 243 66.9067 66.8633 107.36
ALA 242 64.6 67.9267 102.05
frame 50: 
SER 66 62.62 61.27 101.32
ALA 63 58.62 64.0933 103.913
PRO 59 56.05 69.21 104.1
ALA 29 55.5167 70.4133 110.473
PHE 28 61.94 73.37 108.35
MET 246 64.39 70.83 106.7
LEU 243 66.7567 66.8367 107.91
ALA 242 64.2 67.76 102.337
frame 51: 
SER 66 62.65 61.43 100.87
ALA 63 58.7333 64.4167 104.03
PRO 59 55.97 69.55 104.67
ALA 29 54.2067 70.1467 111.22
PHE 28 60.84 72.46 108.3
MET 246 64.87 70.83 106.76
LEU 243 67.0533 66.4633 107.81
ALA 242 64.8267 67.3033 102.657
frame 52: 
SER 66 63.22 61.25 102.06
ALA 63 58.5633 64.1267 104.963
PRO 59 56.08 69.4 105.32
ALA 29 54.6833 70.4067 110.96
PHE 28 61.2 73.46 108.38
MET 246 64.59 70.74 106.82
LEU 243 67.8367 66.2567 108.293
ALA 242 64.5333 67.1167 103.367
frame 53: 
SER 66 63.55 61.4 101.27
ALA 63 58.93 64.86 104.34
PRO 59 56.49 69.32 104.89
ALA 29 55.0767 70.6233 110.433
PHE 28 62 73.48 108.14
MET 246 64.97 70.55 106.91
LEU 243 67.14 66.65 108.233
ALA 242 64.6733 67.4733 102.553
frame 54: 
SER 66 62.85 61.77 101.37
ALA 63 59.0067 65.45 104.003
PRO 59 56.33 69.86 104.16
ALA 29 54.8633 70.71 111.04
PHE 28 61.75 73.2 108.1
MET 246 63.82 71.31 106.4
LEU 243 66.7667 66.7467 107.54
ALA 242 64.55 67.3033 102.473
frame 55: 
SER 66 63.44 61.04 100.96
ALA 63 58.7933 64.7267 104.09
PRO 59 56.09 69.73 103.69
ALA 29 54.8367 70.3567 110.89
PHE 28 61.23 72.94 108.01
MET 246 63.7 71.08 106.58
LEU 243 67.6067 66.9767 108.137
ALA 242 64.5967 67.34 102.367
frame 56: 
SER 66 62.92 61.67 101.1
ALA 63 58.5033 64.1867 104.397
PRO 59 55.44 69.2 104.22
ALA 29 54.98 70.25 110.143
PHE 28 61.38 72.64 107.75
MET 246 65.02 70.51 106.45
LEU 243 67.7833 67.16 108.077
ALA 242 64.9133 67.46 102.65
frame 57: 
SER 66 63.1 61.62 101.12
ALA 63 58.8867 64.4133 103.863
PRO 59 56.16 69.8 104.17
ALA 29 54.1867 70.1867 110.697
PHE 28 61.54 73.18 107.78
MET 246 64.2 71.22 105.93
LEU 243 66.9367 67.04 107.443
ALA 242 64.6333 67.5433 102.167
frame 58: 
SER 66 63.16 62.2 101.31
ALA 63 58.8767 65.6533 104.173
PRO 59 55.48 70.04 104.32
ALA 29 54.4567 70.2267 110.55
PHE 28 61.36 72.83 107.96
MET 246 64.54 70.38 106.57
LEU 243 67.6033 67.0167 108.023
ALA 242 64.64 67.5867 102.157
frame 59: 
SER 66 62.87 62.13 101.37
ALA 63 58.7533 65.2667 104.063
PRO 59 55.99 69.52 104.55
ALA 29 54.4967 70.7367 110.863
PHE 28 61.95 75.34 109.35
MET 246 64.36 71.49 106.36
LEU 243 67.3667 67.0467 107.783
ALA 242 64.45 67.7033 102.29
frame 60: 
SER 66 63.26 62.18 101.64
ALA 63 58.6233 64.7167 104.617
PRO 59 55.3 69.27 105.18
ALA 29 54.57 70.4267 110.42
PHE 28 62.19 73.85 108.39
MET 246 64.32 70.97 106.82
LEU 243 67.2967 67.1167 108.21
ALA 242 65.01 67.4667 102.843
frame 61: 
SER 66 63.58 62.25 101.59
ALA 63 58.7667 65.75 103.96
PRO 59 55.83 69.78 104.32
ALA 29 55.0233 70.55 110.713
PHE 28 61.67 73.63 108.33
MET 246 64.54 71.22 106.39
LEU 243 67.4867 66.7233 107.607
ALA 242 64.7567 67.8867 102.873
frame 62: 
SER 66 63.23 61.8 101.57
ALA 63 58.5233 65.27 104.137
PRO 59 55.38 69.85 104.66
ALA 29 54.57 70.14 110.94
PHE 28 61.35 72.34 107.75
MET 246 64.04 70.95 106.42
LEU 243 66.93 67.31 108.103
ALA 242 64.5167 67.46 102.497
frame 63: 
SER 66 62.77 62.21 101.52
ALA 63 58.6867 64.79 104.413
PRO 59 55.13 69.65 104.86
ALA 29 54.8433 70.7267 110.44
PHE 28 62.05 74.56 108.35
MET 246 64.74 71.28 106.84
LEU 243 67.2433 67.46 108.543
ALA 242 64.6633 67.5767 102.767
frame 64: 
SER 66 63.34 62.23 101.06
ALA 63 59.2667 64.9633 104.093
PRO 59 56.11 69.78 104.18
ALA 29 55.2667 70.6933 110.3
PHE 28 61.17 73.04 107.57
MET 246 64.58 71.17 106.84
LEU 243 67.73 67.1467 108.43
ALA 242 64.72 67.82 102.767
frame 65: 
SER 66 63.34 62.34 101.62
ALA 63 58.99 64.8033 104.503
PRO 59 56.32 69.87 104.25
ALA 29 54.9267 69.9333 109.937
PHE 28 62.18 73.74 107.78
MET 246 65.03 70.67 106.6
LEU 243 67.7633 67.2533 107.973
ALA 242 65.0167 67.3833 102.643
frame 66: 
SER 66 63.04 61.99 101.2
ALA 63 58.5933 65.09 104
PRO 59 56.28 69.76 103.8
ALA 29 54.9933 70.4467 110.757
PHE 28 61.89 73 107
MET 246 64.88 70.96 106.67
LEU 243 68.1367 67.4633 108.467
ALA 242 64.4633 67.7 102.56
frame 67: 
SER 66 63.26 61.9 101.7
ALA 63 59.26 65.1767 104.727
PRO 59 56.06 69.68 105.13
ALA 29 54.4833 70.9467 110.71
PHE 28 62.23 74.37 108.16
MET 246 64.62 70.92 106.67
LEU 243 67.39 66.94 108.363
ALA 242 64.7233 67.3333 102.653
frame 68: 
SER 66 63.72 62.27 101.72
ALA 63 59.1467 65.7467 104.47
PRO 59 56.09 69.94 104.47
ALA 29 54.73 70.4467 110.517
PHE 28 62.34 74.53 107.82
MET 246 64.96 71.2 106.65
LEU 243 67.19 67.6833 108.07
ALA 242 64.87 68.05 103.107
frame 69: 
SER 66 63.2 62.62 101.95
ALA 63 59.19 64.9967 104.913
PRO 59 54.4 69.46 106.22
ALA 29 55.04 70.91 110.69
PHE 28 62.19 73.19 108.36
MET 246 65.3 71.37 107.16
LEU 243 68.0433 67.2433 108.927
ALA 242 64.93 67.9 103.477
frame 70: 
SER 66 63.08 62.1 102.4
ALA 63 58.7433 64.8333 104.94
PRO 59 54.65 69.62 105.57
ALA 29 55.07 70.5467 111.077
PHE 28 61.79 74.88 108.21
MET 246 65.08 71.34 107.07
LEU 243 67.29 67.6533 109.06
ALA 242 64.91 67.8167 102.81
frame 71: 
SER 66 62.94 62.34 101.66
ALA 63 59.4867 65.18 104.817
PRO 59 55.72 69.23 106.24
ALA 29 55.02 71.1767 110.683
PHE 28 61.73 73.65 108.54
MET 246 64.82 71.3 106.89
LEU 243 67.0567 67.4033 108.537
ALA 242 64.9833 67.7067 102.76
frame 72: 
SER 66 63.1 62.2 102.26
ALA 63 58.5567 64.2133 105.143
PRO 59 56.07 69.17 105.46
ALA 29 54.5967 71.1 111.22
PHE 28 61.74 72.57 108.47
MET 246 64.42 71.27 107.51
LEU 243 67.7633 66.71 108.67
ALA 242 64.8133 67.2367 103.47
frame 73: 
SER 66 63.82 61.24 102.32
ALA 63 59.5467 64.99 104.807
PRO 59 56.43 69.4 105.45
ALA 29 55.2233 70.7067 111.467
PHE 28 62.44 73.14 108.68
MET 246 65.26 70.93 107.29
LEU 243 67.66 66.67 108.303
ALA 242 65.2467 67.51 103.613
frame 74: 
SER 66 63.38 62.14 101.63
ALA 63 58.9 65.16 104.623
PRO 59 55.82 69.51 105.47
ALA 29 55.1633 70.7633 110.707
PHE 28 61.71 72.24 108.19
MET 246 64.39 71.16 107.17
LEU 243 66.9467 66.8767 108.657
ALA 242 64.7133 67.5833 103.123
frame 75: 
SER 66 63.16 61.9 102.42
ALA 63 58.9433 65.0567 105.203
PRO 59 55.61 69.33 105.7
ALA 29 55.1133 70.88 110.903
PHE 28 62.5 74.26 108.78
MET 246 65.43 70.96 107.17
LEU 243 67.18 67.0533 108.343
ALA 242 64.5967 67.3433 103.583
frame 76: 
SER 66 63.23 62.13 102.19
ALA 63 58.6467 65.0167 105.283
PRO 59 55.82 69.83 106.05
ALA 29 54.9533 71.1333 110.98
PHE 28 62.39 74.74 108.58
MET 246 64.94 71.22 107.1
LEU 243 67.2767 66.9533 108.987
ALA 242 64.6833 67.1133 103.453
frame 77: 
SER 66 62.98 61.86 102.24
ALA 63 58.5633 65.3267 104.71
PRO 59 55.95 69.8 104.44
ALA 29 55.67 71.1267 110.623
PHE 28 62.08 74.56 108.07
MET 246 64.95 71.22 107.01
LEU 243 67.2433 66.4733 108.063
ALA 242 64.5067 67.2833 103.297
frame 78: 
SER 66 62.72 61.76 102.24
ALA 63 58.2933 64.9533 105.12
PRO 59 55.91 69.57 104.85
ALA 29 55.41 70.7067 110.963
PHE 28 62.03 75.07 107.84
MET 246 65.02 71.11 107.55
LEU 243 67.21 67.1467 108.783
ALA 242 64.71 67.7433 103.643
frame 79: 
SER 66 62.87 62.17 102.34
ALA 63 58.65 65.1033 105.11
PRO 59 55.53 69.78 105.59
ALA 29 55.8767 70.91 110.49
PHE 28 62.04 74.64 108.33
MET 246 64.79 70.73 107.9
LEU 243 67.4567 66.83 109.5
ALA 242 64.3167 67.1867 103.723
frame 80: 
SER 66 63.07 61.85 102.49
ALA 63 58.5233 65.2467 105.287
PRO 59 55.9 70.07 105.34
ALA 29 54.91 71.28 110.687
PHE 28 62.29 74.23 108.31
MET 246 64.83 71.41 107.68
LEU 243 67.6033 67.0933 108.72
ALA 242 64.7367 67.6067 104.023
frame 81: 
SER 66 63.07 62.23 102.55
ALA 63 57.83 65.3367 105.203
PRO 59 55.37 70.06 105.67
ALA 29 55.5133 71.02 110.41
PHE 28 61.52 73.44 107.15
MET 246 64.44 71.19 107.29
LEU 243 66.81 66.9867 108.677
ALA 242 64.46 67.5067 103.293
frame 82: 
SER 66 63.12 62.17 102.57
ALA 63 58.7633 65.64 105.167
PRO 59 55.55 70.51 105.4
ALA 29 55.1133 71.0967 110.83
PHE 28 62.04 74.46 108.29
MET 246 64.4 71.39 107.42
LEU 243 67.7433 67.2333 109.137
ALA 242 64.5067 67.86 103.513
frame 83: 
SER 66 63.07 61.95 102.35
ALA 63 58.76 65.9133 104.937
PRO 59 56.15 70.35 105.2
ALA 29 55.41 71.2133 110.63
PHE 28 62.53 74.85 107.91
MET 246 64.55 71.93 107.01
LEU 243 67.3733 67.2433 108.753
ALA 242 64.7533 68.0267 103.48
frame 84: 
SER 66 62.49 62.36 102.15
ALA 63 58.9367 65.77 104.48
PRO 59 56.05 70.19 105.21
ALA 29 54.8833 71.18 110.847
PHE 28 62.65 74.14 108.13
MET 246 64.86 71.42 107.23
LEU 243 67.2733 67.4767 108.573
ALA 242 64.3533 68.1933 103.61
frame 85: 
SER 66 62.71 62.36 102.33
ALA 63 58.45 66.0667 104.423
PRO 59 55.85 70.4 105.43
ALA 29 54.8133 71.29 110.347
PHE 28 61.81 74.02 108.09
MET 246 64.11 71.78 107.01
LEU 243 67.1633 67.17 108.793
ALA 242 64.5833 68.3033 103.293
frame 86: 
SER 66 63.42 61.81 102.19
ALA 63 58.3233 65.9 105.05
PRO 59 55.34 70.27 105.13
ALA 29 55.2167 71.09 111.093
PHE 28 61.5 74.99 107.69
MET 246 64.06 71.86 107.23
LEU 243 67.2933 67.5433 109.027
ALA 242 64.51 67.7333 103.413
frame 87: 
SER 66 63.04 62.48 102.63
ALA 63 59.2767 65.4067 105.3
PRO 59 56.41 70.59 105.44
ALA 29 54.9633 71.6333 111.17
PHE 28 62.38 73.91 108.37
MET 246 65.7 71.3 107.58
LEU 243 67.9367 66.7233 108.597
ALA 242 64.92 68.3 103.427
frame 88: 
SER 66 62.62 62.24 102.48
ALA 63 58.9267 65.9 105.2
PRO 59 56.25 70.73 105.53
ALA 29 55.3033 71.32 111.373
PHE 28 62.42 74.08 107.99
MET 246 65.01 71.92 107.05
LEU 243 68.1133 67.7033 109.07
ALA 242 64.66 68.1533 103.267
frame 89: 
SER 66 62.57 62.23 102.48
ALA 63 58.93 65.2767 105.257
PRO 59 55.81 70.1 105.7
ALA 29 54.8367 70.9267 110.86
PHE 28 62.46 74.7 108.18
MET 246 65.39 71.33 107.31
LEU 243 67.49 67.5467 109.027
ALA 242 64.9767 67.69 103.55
frame 90: 
SER 66 62.72 62.47 102.46
ALA 63 58.3233 66.4 104.85
PRO 59 55.48 70.53 105.44
ALA 29 55.0033 71.2 111.067
PHE 28 61.8 73.56 108.23
MET 246 64.65 71.75 107.64
LEU 243 67.38 67.5333 108.643
ALA 242 64.5 68.0833 103.007
frame 91: 
SER 66 62.82 62.65 102.65
ALA 63 58.4433 65.3833 105.427
PRO 59 55.6 69.95 105.83
ALA 29 54.6133 71.48 111.45
PHE 28 62.11 73.97 108.36
MET 246 64.55 71.78 107.17
LEU 243 66.54 67.9533 108.55
ALA 242 64.3 68.4933 103.14
frame 92: 
SER 66 63.34 62.16 102.91
ALA 63 58.72 65.76 105.263
PRO 59 56.02 69.98 105.32
ALA 29 54.7133 71.75 110.653
PHE 28 61.86 75.09 108.1
MET 246 64.96 71.6 107.41
LEU 243 67.72 67.5567 108.79
ALA 242 64.8367 68.3367 103.367
frame 93: 
SER 66 62.58 62.03 102.57
ALA 63 58.6833 65.6867 105.433
PRO 59 56.25 69.99 105.49
ALA 29 55.2133 71.2967 110.993
PHE 28 61.57 73.07 108.31
MET 246 64.59 71.58 107.26
LEU 243 67.7667 67.0667 108.83
ALA 242 64.79 67.84 103.447
frame 94: 
SER 66 62.77 62.37 101.93
ALA 63 58.4667 65.7967 105.26
PRO 59 55.52 70.42 105.95
ALA 29 54.6867 71.41 111.11
PHE 28 62.16 73.98 108.22
MET 246 64.27 71.91 106.91
LEU 243 66.6267 67.37 108.383
ALA 242 64.4 68.0833 103.103
frame 95: 
SER 66 63.08 61.97 101.82
ALA 63 59.02 65.33 105.223
PRO 59 54.31 69.77 106.18
ALA 29 54.8867 71.8633 110.92
PHE 28 62.26 73.9 108.66
MET 246 64.32 71.8 107.49
LEU 243 67.25 67.4567 108.837
ALA 242 64.7433 67.9833 103.14
frame 96: 
SER 66 62.56 62.68 102.45
ALA 63 58.9367 66.0867 105.143
PRO 59 53.87 70 106.1
ALA 29 54.9667 71.4833 111.007
PHE 28 62.19 74.09 108.09
MET 246 65.58 71.59 107.56
LEU 243 67.8667 67.5267 109.027
ALA 242 64.8367 68.2567 103.31
frame 97: 
SER 66 62.85 62.87 102.22
ALA 63 58.7267 65.96 105.6
PRO 59 55.83 70.58 106.01
ALA 29 54.7933 71.6867 111.323
PHE 28 61.82 73.99 108.61
MET 246 64.48 71.8 107.56
LEU 243 67.9067 67.7467 109.06
ALA 242 64.59 68.3167 103.197
frame 98: 
SER 66 63.11 62.64 102.33
ALA 63 59.2 66.0233 105.37
PRO 59 56.3 70.58 105.7
ALA 29 55.5367 71.75 111.293
PHE 28 61.84 74.86 108.64
MET 246 64.29 71.67 107.11
LEU 243 67.8933 67.28 108.987
ALA 242 64.9833 68.1633 103.133
frame 99: 
SER 66 63.56 62.17 102.21
ALA 63 59.15 65.3667 105.54
PRO 59 56.22 70.08 106.18
ALA 29 55.0767 71.37 111.55
PHE 28 61.65 75.11 108.49
MET 246 64.45 71.75 107.36
LEU 243 67.9433 67.3933 109.117
ALA 242 64.98 68.3933 103.23
frame 100: 
SER 66 63.51 62.18 102.28
ALA 63 59.0333 65.8833 105.133
PRO 59 56.06 70.27 105.25
ALA 29 55.12 71.55 110.953
PHE 28 61.88 73.28 108.41
MET 246 64.21 71.7 107.32
LEU 243 67.68 67.16 108.713
ALA 242 64.84 68.0867 103.033
frame 101: 
SER 66 63.11 62.54 102.06
ALA 63 59.0367 65.14 105.12
PRO 59 56.06 69.83 105.87
ALA 29 54.9067 71.3133 111.29
PHE 28 62.14 74.33 108.69
MET 246 64.49 71.54 106.96
LEU 243 66.8233 67.9433 108.83
ALA 242 64.8 68.0833 102.7
frame 102: 
SER 66 63.49 61.74 101.94
ALA 63 59.5867 65.1767 104.64
PRO 59 56.51 70.49 105.05
ALA 29 54.57 71.38 110.937
PHE 28 62.29 73.83 108.57
MET 246 65.03 70.99 107.54
LEU 243 67.73 66.92 108.67
ALA 242 65.1667 67.4433 103.607
frame 103: 
SER 66 62.83 62.24 102.31
ALA 63 58.4767 65.1333 105.227
PRO 59 56.23 69.97 105.89
ALA 29 55.3233 71.3733 110.937
PHE 28 62.71 73.97 108.32
MET 246 64.77 71.61 106.93
LEU 243 67.6733 67.3633 108.51
ALA 242 65.26 67.59 103.033
frame 104: 
SER 66 63.28 61.79 102.55
ALA 63 59.62 66.0033 105.29
PRO 59 56.69 70.83 105.95
ALA 29 55.4933 71.3367 110.683
PHE 28 63.04 72.66 108.43
MET 246 65.25 71.83 107.27
LEU 243 68.8867 66.94 108.56
ALA 242 65.3767 67.78 103.343
frame 105: 
SER 66 63.68 62.28 102.46
ALA 63 59.0767 64.9067 105.87
PRO 59 55.91 70.25 106.19
ALA 29 55.2467 71.5333 110.943
PHE 28 62.26 74.6 108.34
MET 246 64.72 72.32 106.79
LEU 243 67.4033 67.9833 108.48
ALA 242 64.9367 68.42 103.367
frame 106: 
SER 66 63.75 62.79 101.64
ALA 63 58.6267 65.2133 105.26
PRO 59 55.73 70.34 106.4
ALA 29 54.5667 71.7167 111.24
PHE 28 62.51 73.6 108.31
MET 246 64.66 71.65 107.17
LEU 243 67.83 67.5067 108.47
ALA 242 65.5467 68.16 103.16
frame 107: 
SER 66 63.44 62.42 102.55
ALA 63 59.14 64.97 105.68
PRO 59 57.14 70.02 105.56
ALA 29 54.83 71.6067 111.263
PHE 28 62.63 74.61 108.81
MET 246 64.99 71.82 107.09
LEU 243 68.8633 67.92 109
ALA 242 65.3133 68.2067 102.96
frame 108: 
SER 66 63.88 62.53 102.31
ALA 63 58.8533 65.55 105.767
PRO 59 56.57 70.75 105.32
ALA 29 54.8633 71.4667 111.417
PHE 28 61.85 74.55 108.73
MET 246 64.48 71.69 106.57
LEU 243 67.4033 67.3333 107.957
ALA 242 65.3067 67.7267 103.047
frame 109: 
SER 66 63.56 62.09 102.75
ALA 63 58.8467 65.26 105.543
PRO 59 55.87 69.73 105.54
ALA 29 54.8733 70.93 110.74
PHE 28 62.05 74 108.29
MET 246 64.6 71.6 106.71
LEU 243 68.0467 67.4 108.61
ALA 242 65.13 67.4567 103.117
frame 110: 
SER 66 62.94 63.46 101.68
ALA 63 58.9033 64.9967 105.267
PRO 59 55.94 70.18 105.75
ALA 29 54.3467 71.41 111.043
PHE 28 61.96 74.4 109.05
MET 246 63.92 71.44 106.85
LEU 243 67.2033 67.35 108.483
ALA 242 64.9533 67.7767 102.807
frame 111: 
SER 66 64.03 62.58 102.01
ALA 63 58.8067 65.6067 105.08
PRO 59 56.38 70.42 105.11
ALA 29 55.3567 71.17 110.917
PHE 28 62.02 74.21 108.29
MET 246 64.71 71.57 106.32
LEU 243 67.0467 67.48 108.23
ALA 242 64.9967 68.1033 102.537
frame 112: 
SER 66 63.54 61.56 102.39
ALA 63 58.5667 64.0467 105.48
PRO 59 56.59 69.89 105.29
ALA 29 54.6633 70.7667 110.197
PHE 28 61.8 73.55 107.78
MET 246 64.86 71.05 106.67
LEU 243 67.77 67.2633 108.6
ALA 242 64.7133 67.8967 102.493
frame 113: 
SER 66 62.88 61.7 101.98
ALA 63 58.9567 63.9533 105.743
PRO 59 55.81 69.85 105.93
ALA 29 54.82 71.6133 111.1
PHE 28 61.75 75.22 108.35
MET 246 64.5 71.93 106.89
LEU 243 67.0067 67.91 108.983
ALA 242 64.4167 67.95 103.017
frame 114: 
SER 66 62.21 62.14 101.89
ALA 63 58.3633 63.96 105.33
PRO 59 56.6 69.78 104.96
ALA 29 54.7967 71.49 111.163
PHE 28 61.8 74.04 108.22
MET 246 64.57 71.86 106.86
LEU 243 67.35 67.76 108.563
ALA 242 65.16 67.9233 103.377
frame 115: 
SER 66 62.93 61.65 102.49
ALA 63 58.6567 64.9433 104.913
PRO 59 56.65 70.48 104.5
ALA 29 55.38 71.6367 110.193
PHE 28 62.09 74.06 107.89
MET 246 64.74 71.89 106.75
LEU 243 67.88 67.0733 108.533
ALA 242 65.3033 68.2167 103.647
frame 116: 
SER 66 63.02 60.74 102.57
ALA 63 57.8333 63.9933 105.107
PRO 59 55.95 69.48 105.39
ALA 29 55.0633 71.1967 110.15
PHE 28 61.8 73.25 107.43
MET 246 64.93 71.19 106.88
LEU 243 68.4967 67.2533 109.007
ALA 242 65.26 67.47 102.787
frame 117: 
SER 66 62.21 62.08 102.43
ALA 63 58.4167 63.93 105.407
PRO 59 55.69 69.79 105.47
ALA 29 55.2933 70.9533 110.743
PHE 28 61.99 72.75 108.27
MET 246 65.01 71.94 106.81
LEU 243 67.4933 67.32 108.457
ALA 242 65.2267 67.9233 102.99
frame 118: 
SER 66 62.52 62.33 101.87
ALA 63 58.84 64.19 104.92
PRO 59 56.47 69.56 105.43
ALA 29 55.0033 71.1733 110.877
PHE 28 61.7 74.46 107.82
MET 246 64.8 71.72 106.27
LEU 243 67.0633 67.5433 108.263
ALA 242 65.0633 68.01 102.777
frame 119: 
SER 66 62.37 61.93 101.93
ALA 63 58.1933 63.5633 105.387
PRO 59 55.36 69.96 105.74
ALA 29 54.6 71.2633 110.723
PHE 28 61.11 73.51 107.68
MET 246 64.22 71.99 106.22
LEU 243 67.0633 67.25 108.277
ALA 242 65.0167 67.59 102.697
frame 120: 
SER 66 62.53 62.37 102.19
ALA 63 58.1633 63.5867 105.54
PRO 59 55.57 69.1 105.9
ALA 29 54.5267 71.2767 110.707
PHE 28 61.67 73.82 107.67
MET 246 64.67 71.72 106.46
LEU 243 67.0033 67.8033 108.363
ALA 242 65.03 68.12 103.093
frame 121: 
SER 66 61.45 62.49 102.25
ALA 63 57.37 63.4233 105.92
PRO 59 55.19 69.47 106.51
ALA 29 54.54 70.9 110.88
PHE 28 62.08 74.37 108.65
MET 246 64.15 71.45 107.44
LEU 243 67.55 66.9 108.9
ALA 242 64.7967 67.5133 103.767
frame 122: 
SER 66 62.44 61.52 102.24
ALA 63 57.8933 63.9567 105.07
PRO 59 55.61 69.7 104.78
ALA 29 54.47 71.0133 110.253
PHE 28 60.81 74.02 107.22
MET 246 64.36 71.61 106.19
LEU 243 66.8767 67.32 108.357
ALA 242 64.77 67.42 102.813
frame 123: 
SER 66 62.51 61.55 102.21
ALA 63 57.7767 64.6033 105.287
PRO 59 55.7 69.33 105.61
ALA 29 54.5333 71.13 110.757
PHE 28 61.62 73.13 107.78
MET 246 65.05 71.56 106.67
LEU 243 67.7433 66.9933 108.44
ALA 242 65.0467 67.6167 103.32
frame 124: 
SER 66 63 61.43 102.44
ALA 63 58.4367 64.7367 105.1
PRO 59 55.47 69.34 105.54
ALA 29 54.0033 71.4633 110.847
PHE 28 61.02 74.93 108.01
MET 246 64.85 71.66 106.58
LEU 243 66.9733 67.6933 108.243
ALA 242 65.11 68.1133 102.893
frame 125: 
SER 66 62.71 61.27 102.54
ALA 63 58.19 64.3333 105.5
PRO 59 55.62 69.49 105.73
ALA 29 54.2267 71.43 110.53
PHE 28 61.37 73.04 107.73
MET 246 64.74 71.21 106.34
LEU 243 67.05 67.1033 107.953
ALA 242 65.16 67.8133 102.66
frame 126: 
SER 66 62.13 62.06 102.94
ALA 63 57.8967 63.8667 105.78
PRO 59 55.54 69.05 105.99
ALA 29 54.3467 71.5333 111.28
PHE 28 61.91 74.42 108.05
MET 246 64.79 71.7 106.71
LEU 243 67.16 67.7333 108.6
ALA 242 64.9567 67.8533 103.487
frame 127: 
SER 66 62.89 61.65 102.66
ALA 63 58.2967 64.5733 105.45
PRO 59 55.27 69.44 105.22
ALA 29 53.9233 71.1467 110.737
PHE 28 61.71 74.94 108.2
MET 246 64.79 72.12 106.24
LEU 243 67.71 67.86 108.66
ALA 242 64.5933 68.7133 103.267
frame 128: 
SER 66 61.72 62.97 102.95
ALA 63 57.6433 64.0467 106.037
PRO 59 53.82 69.25 106.17
ALA 29 54.73 71.4633 110.493
PHE 28 61.67 74.35 107.92
MET 246 65.48 71.9 107.42
LEU 243 67.3967 67.6367 108.007
ALA 242 64.4433 68.8267 103.46
frame 129: 
SER 66 62.59 62.19 102.91
ALA 63 57.95 64.96 105.717
PRO 59 53.66 69.29 106.5
ALA 29 53.8133 71.9 110.823
PHE 28 60.89 73.66 107.94
MET 246 64.9 72.34 106.37
LEU 243 67.0333 67.94 108.253
ALA 242 65.32 68.0933 103.287
frame 130: 
SER 66 63.02 61.52 102.96
ALA 63 58.3167 64.08 106
PRO 59 54.76 69.1 106.65
ALA 29 54.2233 71.62 110.19
PHE 28 60.93 74.1 107.13
MET 246 64.71 71.71 106.78
LEU 243 66.75 67.1233 108.267
ALA 242 64.8567 68.3 102.993
frame 131: 
SER 66 63.08 61.36 103.07
ALA 63 58.4133 63.9233 106.3
PRO 59 54.32 69.62 106.2
ALA 29 54.7333 71.7933 111.11
PHE 28 61.15 73.4 107.33
MET 246 65.27 71.87 106.66
LEU 243 68.0633 67.5833 108.547
ALA 242 65.5333 68.4367 103.167
frame 132: 
SER 66 63.62 62.09 103.12
ALA 63 58.38 64.4233 105.743
PRO 59 55.03 69.55 105.97
ALA 29 55.2533 71.51 110.153
PHE 28 62.03 73.11 107.28
MET 246 65.31 71.63 106.43
LEU 243 67.6733 67.3667 108.177
ALA 242 65.3133 68.23 102.887
frame 133: 
SER 66 62.5 62.4 102.39
ALA 63 58.5733 63.9333 105.487
PRO 59 54.75 69.01 105.99
ALA 29 54.47 71.5667 110.74
PHE 28 61.35 73.94 107.8
MET 246 65.48 71.76 106.8
LEU 243 66.9733 67.8433 108.463
ALA 242 64.8267 68.1233 103.163
frame 134: 
SER 66 62.52 62.41 102.6
ALA 63 58.4433 64.1767 105.667
PRO 59 55.57 69.69 105.85
ALA 29 54.1967 71.4533 110.56
PHE 28 61.98 74.15 107.79
MET 246 65.18 71.66 106.99
LEU 243 67.3 67.6433 108.513
ALA 242 65.16 68.2133 103.077
frame 135: 
SER 66 62.33 61.84 103
ALA 63 58.2133 64.59 105.67
PRO 59 56.2 70.33 105.14
ALA 29 54.6067 71.2867 110.45
PHE 28 60.69 73.29 106.92
MET 246 64.9 71.68 106.91
LEU 243 67.83 67.3333 108.583
ALA 242 65.23 67.8767 103.38
frame 136: 
SER 66 62.24 62.21 103.2
ALA 63 58.16 64.33 105.877
PRO 59 55.7 69.86 105.78
ALA 29 55.05 71.6067 110.07
PHE 28 61.44 73.7 107.11
MET 246 64.54 71.61 106.9
LEU 243 67.3633 67.4067 108.86
ALA 242 64.65 67.77 103.387
frame 137: 
SER 66 62.99 62.91 102.38
ALA 63 59.0233 64.2133 105.713
PRO 59 56.35 70.56 105.48
ALA 29 54.38 71.4767 110.677
PHE 28 62.17 74.39 107.86
MET 246 65.38 71.45 107.17
LEU 243 68.29 67.07 108.897
ALA 242 65.03 68.24 103.757
frame 138: 
SER 66 62.63 63.17 102.36
ALA 63 58.5633 63.8767 105.677
PRO 59 56.8 69.48 105.26
ALA 29 54.9167 71.12 110.997
PHE 28 62.16 74.96 108.47
MET 246 64.91 71.66 107.56
LEU 243 67.5667 67.5 109.087
ALA 242 64.75 68.3633 103.13
frame 139: 
SER 66 63.08 63.26 102.15
ALA 63 58.9733 64.8767 105.587
PRO 59 56.53 70.39 105.43
ALA 29 54.63 71.7233 111
PHE 28 62.28 74.32 107.62
MET 246 64.95 71.95 106.8
LEU 243 67.54 67.23 109.13
ALA 242 65.04 68.1767 103.23
frame 140: 
SER 66 62.69 63.09 102.85
ALA 63 58.8033 64.0967 106.337
PRO 59 56.17 69.94 106.46
ALA 29 55.0667 71.5 111.083
PHE 28 62.14 74.03 108.21
MET 246 65.38 71.9 107.61
LEU 243 67.7167 67.89 109.077
ALA 242 65.1667 68.5133 104.02
frame 141: 
SER 66 62.7 62.62 103.02
ALA 63 59.3567 63.9867 106.417
PRO 59 56.6 70.52 105.87
ALA 29 54.0967 71.9033 111.093
PHE 28 61.69 74.36 107.82
MET 246 64.79 71.46 107.57
LEU 243 67.0933 67.84 109.19
ALA 242 65.0767 68.0433 103.36
frame 142: 
SER 66 62.31 62.81 103.36
ALA 63 58.39 64.7333 106.343
PRO 59 56.41 70.56 105.92
ALA 29 55.0733 71.6933 110.91
PHE 28 62.24 74.38 108.41
MET 246 65.2 71.52 107.96
LEU 243 67.4867 67.6033 109.323
ALA 242 65.0467 68.06 104.517
frame 143: 
SER 66 62.82 62.38 102.47
ALA 63 58.4267 64.5767 106.147
PRO 59 56.01 70.28 106.17
ALA 29 54.8533 71.74 110.75
PHE 28 62.36 74.7 108.75
MET 246 65.3 71.93 107.34
LEU 243 67.1233 67.8267 108.98
ALA 242 65.03 68.37 103.467
frame 144: 
SER 66 62.77 62.47 102.82
ALA 63 58.1333 64.2833 105.733
PRO 59 55.94 69.8 105.5
ALA 29 54.61 71.4233 110.853
PHE 28 62.4 74.27 107.63
MET 246 65.14 71.93 106.98
LEU 243 67.28 67.8833 109.227
ALA 242 64.8967 68.5167 103.457
frame 145: 
SER 66 63.19 61.68 103.54
ALA 63 58.5633 64.0433 106.34
PRO 59 55.56 70.11 106.29
ALA 29 54.6967 71.5933 110.87
PHE 28 61.09 73.92 107.6
MET 246 64.84 71.87 106.98
LEU 243 66.98 67.5367 108.757
ALA 242 64.6633 68.19 102.977
frame 146: 
SER 66 62.69 62.48 102.75
ALA 63 58.4667 64.3233 105.907
PRO 59 55.52 70.51 105.75
ALA 29 54.2 71.14 110.313
PHE 28 61.88 74.07 107.52
MET 246 64.74 71.84 107.05
LEU 243 66.7833 67.7367 109.003
ALA 242 64.7333 68.56 103.157
frame 147: 
SER 66 62.29 61.59 102.92
ALA 63 57.9867 63.7233 105.863
PRO 59 55.87 69.22 105.54
ALA 29 54.42 71.4067 110.637
PHE 28 60.85 73.44 107.45
MET 246 64.98 71.39 106.96
LEU 243 66.8433 67.3633 108.49
ALA 242 64.7767 67.7833 103.01
frame 148: 
SER 66 63.11 61.71 102.74
ALA 63 59.0433 63.8133 105.747
PRO 59 56.47 69.65 105.27
ALA 29 54.6067 71.19 110.923
PHE 28 61.73 74.01 107.94
MET 246 65.6 71.65 107.12
LEU 243 67.1167 67.6833 108.613
ALA 242 64.4867 68.6033 102.917
frame 149: 
SER 66 62.68 62.23 102.63
ALA 63 58.4433 64.1233 105.81
PRO 59 56.22 69.9 105.74
ALA 29 54.9433 71.4267 111.303
PHE 28 61.66 74.3 108.26
MET 246 65.18 71.85 106.81
LEU 243 66.6567 67.7533 108.22
ALA 242 64.7667 68.5733 102.79
frame 150: 
SER 66 62.75 62.64 102.64
ALA 63 58.45 64.3367 105.97
PRO 59 55.61 69.84 106.3
ALA 29 54.1367 71.67 110.957
PHE 28 61.85 74.41 107.88
MET 246 64.86 71.79 107.11
LEU 243 67.3633 67.73 109.153
ALA 242 64.9433 67.7733 103.097
frame 151: 
SER 66 62.14 62.61 102.99
ALA 63 58.0567 64.53 105.777
PRO 59 55.76 69.48 105.95
ALA 29 54.5867 71.56 110.72
PHE 28 62.16 74.72 108.11
MET 246 64.91 71.74 107.31
LEU 243 68.13 67.2267 109.083
ALA 242 65.15 67.35 103.64
frame 152: 
SER 66 62.52 62.35 102.78
ALA 63 58.3933 64.3667 105.813
PRO 59 55.88 70.14 104.89
ALA 29 54.6167 71.4333 110.723
PHE 28 62.09 74.15 107.82
MET 246 65.36 71.66 107.38
LEU 243 66.8367 68.0367 109.12
ALA 242 64.6533 68.0933 103.233
frame 153: 
SER 66 62.24 62.17 102.98
ALA 63 57.7733 64.0033 105.873
PRO 59 55.81 70.71 105.33
ALA 29 54.5233 71.17 110.47
PHE 28 61.5 72.96 107.52
MET 246 64.56 71.72 106.63
LEU 243 66.96 67.5367 108.34
ALA 242 64.79 67.9367 103.143
frame 154: 
SER 66 61.54 62.73 103.04
ALA 63 57.7767 64.89 105.393
PRO 59 55.44 69.97 105.3
ALA 29 54.8967 71.8167 110.04
PHE 28 62.09 74.44 107.6
MET 246 64.55 71.67 107.11
LEU 243 66.84 67.3467 108.64
ALA 242 64.6333 68.2467 103.157
frame 155: 
SER 66 62.1 62.08 103.15
ALA 63 58.3267 65.21 106.197
PRO 59 55.67 70.23 105.86
ALA 29 53.9567 71.1967 110.727
PHE 28 61.98 74.64 108.3
MET 246 65.38 71.65 106.6
LEU 243 66.5833 67.8367 107.807
ALA 242 65.1333 67.8767 103.33
frame 156: 
SER 66 61.55 62.03 103.45
ALA 63 57.5833 64.2833 105.597
PRO 59 55.57 70.13 105
ALA 29 54.7 71.5467 110.663
PHE 28 61.61 73.95 107.86
MET 246 64.33 71.7 106.81
LEU 243 66.9033 66.8633 108.643
ALA 242 64.59 67.9767 102.883
frame 157: 
SER 66 62.1 62.04 103.07
ALA 63 57.49 64.8967 105.33
PRO 59 55.89 70.26 104.82
ALA 29 54.6167 71.3167 110.103
PHE 28 61.23 72.82 107.27
MET 246 64.84 71.65 107.28
LEU 243 66.7633 67.36 108.12
ALA 242 64.2467 68.83 103.35
frame 158: 
SER 66 61.49 62.67 103.38
ALA 63 56.8367 64.8267 105.747
PRO 59 55.24 70.24 105.16
ALA 29 54.15 71.3633 110.167
PHE 28 61.69 74.05 107.76
MET 246 64.79 71.22 107.01
LEU 243 66.8667 67.6467 108.757
ALA 242 64.6933 67.8267 103.223
frame 159: 
SER 66 61.84 62.68 102.86
ALA 63 57.4833 64.64 105.477
PRO 59 55.11 70.01 105.48
ALA 29 53.6533 71.3067 111.027
PHE 28 61.25 73.86 107.48
MET 246 64.87 71.66 106.67
LEU 243 66.8967 67.9767 108.453
ALA 242 64.6067 68.4533 103.107
frame 160: 
SER 66 62.15 62.03 102.89
ALA 63 57.47 65.02 105.487
PRO 59 55.03 70.07 105.27
ALA 29 54.08 71.64 110.683
PHE 28 61.71 74.77 107.4
MET 246 64.76 72.05 106.52
LEU 243 67.7433 67.81 108.88
ALA 242 64.6367 67.9733 103.667
frame 161: 
SER 66 62.27 63.09 102.53
ALA 63 57.9267 65.3433 105.693
PRO 59 54.95 69.88 105.67
ALA 29 54.4267 71.5567 110.463
PHE 28 61.57 74.47 107.68
MET 246 63.87 72.03 106.69
LEU 243 67.1033 67.3767 108.53
ALA 242 64.6067 67.8767 103.083
frame 162: 
SER 66 62.08 63.08 102.77
ALA 63 58.1 64.6033 106.23
PRO 59 54.63 70.17 106.05
ALA 29 53.8267 71.28 110.597
PHE 28 61.35 75.11 108.48
MET 246 64.5 71.86 106.74
LEU 243 66.0933 67.6667 108.29
ALA 242 64.2833 68.3433 102.883
frame 163: 
SER 66 61.42 62.72 102.86
ALA 63 58.05 64.94 105.807
PRO 59 54.81 70.63 105.9
ALA 29 53.62 71.6367 111.203
PHE 28 60.17 72.81 106.97
MET 246 64.34 71.36 106.28
LEU 243 66.6567 67.3333 107.64
ALA 242 64.3233 68.3 102.003
frame 164: 
SER 66 61.44 62.54 102.35
ALA 63 57.6233 64.5933 105.667
PRO 59 55.45 70.44 105.4
ALA 29 53.7067 71.5333 110.75
PHE 28 61.23 73.81 107.21
MET 246 64.53 71.53 106.58
LEU 243 68.1067 67.01 108.273
ALA 242 64.6 68.0667 102.893
frame 165: 
SER 66 62.34 62.25 102.79
ALA 63 58.2833 64.1367 106.1
PRO 59 55.35 70.88 105.61
ALA 29 53.63 71.5933 110.387
PHE 28 61.74 73.63 107.91
MET 246 64.5 71.65 106.69
LEU 243 66.4333 67.02 107.907
ALA 242 64.6367 67.8667 102.67
frame 166: 
SER 66 61.59 62.51 103.57
ALA 63 56.8933 65.17 106.237
PRO 59 54.8 69.92 105.92
ALA 29 54.2933 71.6967 110.423
PHE 28 60.99 73.43 108.24
MET 246 64.42 71.22 107.06
LEU 243 66.4067 66.96 108.36
ALA 242 64.6467 68.05 103.1
frame 167: 
SER 66 61.99 62.12 103.35
ALA 63 57.6433 65.0667 106.197
PRO 59 55.21 70.23 106.25
ALA 29 53.71 71.34 110.543
PHE 28 61.43 73.3 107.57
MET 246 64.99 71.85 106.82
LEU 243 66.7933 67.9667 108.477
ALA 242 64.91 68.06 103.093
frame 168: 
SER 66 62.04 62.38 103.02
ALA 63 57.6167 65.38 105.957
PRO 59 54.36 69.82 106.17
ALA 29 53.55 71.3367 110.943
PHE 28 60.85 73.03 107.76
MET 246 64.22 71.72 107.05
LEU 243 65.8033 68.08 108.157
ALA 242 64.1333 68.5567 102.79
frame 169: 
SER 66 62.33 62.65 103.22
ALA 63 57.9267 65.5633 106.113
PRO 59 55.2 70.75 105.59
ALA 29 53.5467 71.5833 111.05
PHE 28 61.09 72.64 107.93
MET 246 65.02 70.9 107.37
LEU 243 67.5967 67.7333 109.15
ALA 242 64.6633 68.13 103.073
frame 170: 
SER 66 61.26 63.31 102.66
ALA 63 57.3267 65.0633 105.513
PRO 59 54.87 69.79 105.93
ALA 29 53.4533 71.2333 111.287
PHE 28 61.39 73.13 108.18
MET 246 64.47 70.78 107.93
LEU 243 67.15 66.9667 109.06
ALA 242 63.8767 67.4433 103.057
frame 171: 
SER 66 61.57 63 103.01
ALA 63 57.8533 64.7033 106.103
PRO 59 54.38 70.19 106.27
ALA 29 53.4933 71.2767 110.603
PHE 28 61.15 72.83 108.01
MET 246 64.61 70.55 107.44
LEU 243 67.3933 66.68 108.99
ALA 242 64.3467 67.1133 103.637
frame 172: 
SER 66 61.71 63.27 103.23
ALA 63 57.6433 65.1467 105.92
PRO 59 55.28 70.28 105.64
ALA 29 53.2833 71.1667 111.057
PHE 28 61.06 73.66 107.89
MET 246 64.31 71.11 107.72
LEU 243 67.53 66.9733 108.853
ALA 242 63.7267 67.9533 103.467
frame 173: 
SER 66 61.97 63.42 102.89
ALA 63 57.5833 65.5933 106.027
PRO 59 54.96 70.37 106.15
ALA 29 53.4067 71.9867 110.58
PHE 28 59.75 72.57 107.09
MET 246 64.2 70.55 107.16
LEU 243 67.7467 66.3167 108.417
ALA 242 64.4633 67.3 102.793
frame 174: 
SER 66 61.82 62.88 102.57
ALA 63 57.91 64.81 105.63
PRO 59 54.68 70.3 106.01
ALA 29 52.96 71.31 110.943
PHE 28 61.35 74.05 107.29
MET 246 64.34 71.12 106.79
LEU 243 67.6333 66.9 108.303
ALA 242 63.9767 68.24 102.403
frame 175: 
SER 66 62.21 62.79 102.95
ALA 63 57.8067 64.8733 105.92
PRO 59 55.21 70.13 105.87
ALA 29 53.22 71.4033 111.237
PHE 28 60.78 73.48 107.96
MET 246 64.03 71.46 107.04
LEU 243 66.6467 67.25 108.223
ALA 242 64.39 68.5433 102.45
frame 176: 
SER 66 62.01 62.73 102.26
ALA 63 58.2833 64.6767 105.923
PRO 59 54.68 70.14 105.99
ALA 29 53.7367 71.6 110.66
PHE 28 60.39 70.94 107.88
MET 246 64.27 70.85 107.06
LEU 243 66.76 66.5267 108.397
ALA 242 63.95 67.8567 102.653
frame 177: 
SER 66 61.58 62.4 103.17
ALA 63 57.1633 64.9533 105.667
PRO 59 54.99 69.81 105.51
ALA 29 53.4267 71.4167 110.643
PHE 28 60.71 72.11 107.24
MET 246 64.09 71.05 106.84
LEU 243 65.9267 67.6467 108.333
ALA 242 63.9267 68.2167 102.703
frame 178: 
SER 66 61.63 62.72 102.68
ALA 63 57.41 65.2033 105.62
PRO 59 55.18 70.15 105.76
ALA 29 53.99 71.7667 111.08
PHE 28 62.07 73.83 108.57
MET 246 64.21 71.61 107.12
LEU 243 66.9633 67.7067 108.677
ALA 242 64.34 68.4533 102.67
frame 179: 
SER 66 62.18 62.96 102.5
ALA 63 57.9 65.6267 105.277
PRO 59 55.22 70.61 105.72
ALA 29 53.5733 71.8367 110.64
PHE 28 61.28 72.99 107.37
MET 246 64.3 71.9 107.17
LEU 243 66.9633 67.5667 108.127
ALA 242 64.8467 68.2333 103.43
frame 180: 
SER 66 62.06 63.01 102.31
ALA 63 58.0433 65.1567 105.6
PRO 59 55.14 70.05 106.05
ALA 29 53.9367 71.4567 110.437
PHE 28 60.73 72.36 107.19
MET 246 64.14 71.83 106.54
LEU 243 66.8933 67.2167 108.2
ALA 242 64.2733 67.9033 102.617
frame 181: 
SER 66 62.16 62.67 102.26
ALA 63 57.9033 65.13 104.97
PRO 59 54.85 69.49 105.76
ALA 29 53.71 71.0033 110.833
PHE 28 60.74 73.49 107.3
MET 246 63.74 71.58 106.74
LEU 243 66.77 67.22 108.393
ALA 242 63.4167 68.43 102.483
frame 182: 
SER 66 62.33 63.51 102.1
ALA 63 58.0667 66.08 105.12
PRO 59 54.65 70.5 105.75
ALA 29 54.0533 71.22 110.247
PHE 28 61.08 73.4 106.9
MET 246 64.61 71.24 106.72
LEU 243 67.5467 67.9067 108.613
ALA 242 64.5233 68.68 102.68
frame 183: 
SER 66 61.4 63.74 102.03
ALA 63 57.6 65.5767 105.28
PRO 59 55.31 70.35 105.42
ALA 29 53.1533 71.9567 110.397
PHE 28 61.03 72.64 107.53
MET 246 64.84 70.95 107.31
LEU 243 67.1067 67.3033 108.163
ALA 242 64.21 68.48 103.247
frame 184: 
SER 66 62.28 63.5 102.39
ALA 63 57.67 65.8967 105.31
PRO 59 54.79 71.04 104.96
ALA 29 53.51 71.91 110.237
PHE 28 60.38 73.56 106.97
MET 246 64.02 71.72 106.53
LEU 243 67.39 67.8267 108.617
ALA 242 64.0633 68.3033 102.913
frame 185: 
SER 66 61.22 64.25 100.95
ALA 63 57.9967 65.16 105.223
PRO 59 55.03 71.15 105.54
ALA 29 53.5367 71.8267 110.627
PHE 28 61.13 72.73 107.19
MET 246 64.28 72.14 106.64
LEU 243 67.6667 67.7367 108.517
ALA 242 64.2933 68.3867 103.12
frame 186: 
SER 66 61.6 65.13 100.98
ALA 63 58.0633 66.3 104.967
PRO 59 54.99 70.74 105.41
ALA 29 53.86 71.69 110.12
PHE 28 59.87 72.84 106.35
MET 246 64.51 71.93 106.33
LEU 243 66.3167 67.6833 107.507
ALA 242 64.6067 68.3267 102.44
frame 187: 
SER 66 61.6 63.79 101.46
ALA 63 57.7467 65.24 104.88
PRO 59 54.97 69.81 105.43
ALA 29 53.67 71.9833 110.853
PHE 28 60.95 72.79 107.33
MET 246 63.88 71.94 107.06
LEU 243 66.7533 68.1233 108.773
ALA 242 63.9733 68.4933 103.19
frame 188: 
SER 66 61.89 64.17 101.4
ALA 63 58.01 65.5233 105.253
PRO 59 55.11 71.05 105.3
ALA 29 53.13 71.8433 110.95
PHE 28 60.36 73.43 107.28
MET 246 64.28 71.9 106.52
LEU 243 66.7333 68.0367 108.35
ALA 242 64.5167 68.69 102.903
frame 189: 
SER 66 61.64 63.34 101.76
ALA 63 57.9033 65.1367 105.42
PRO 59 55.44 70.39 105.46
ALA 29 53.6167 71.27 110.817
PHE 28 60.31 72.68 106.85
MET 246 64.69 71.46 106.81
LEU 243 65.8067 67.9633 108.207
ALA 242 63.9167 68.76 102.457
frame 190: 
SER 66 61.85 62.98 102.52
ALA 63 57.49 65.35 105.763
PRO 59 54.78 70.48 105.87
ALA 29 54.0167 71.8367 110.623
PHE 28 60.99 73.93 107.89
MET 246 64.82 71.92 106.93
LEU 243 67.29 68.16 108.903
ALA 242 64.1633 68.5933 103.153
frame 191: 
SER 66 61.76 63.4 102.15
ALA 63 57.8333 65.1333 105.507
PRO 59 54.64 70.57 105.99
ALA 29 53.68 71.61 110.483
PHE 28 60.46 72.45 107.53
MET 246 64.07 71.73 106.61
LEU 243 67 68.05 108.91
ALA 242 64.2667 68.0567 103.143
frame 192: 
SER 66 62.07 63.22 102.39
ALA 63 57.5533 64.6 105.63
PRO 59 53.76 69.52 106.3
ALA 29 53.55 71.2367 110.703
PHE 28 60.53 72.64 107.79
MET 246 64.38 71.68 107.09
LEU 243 66.8367 67.3867 108.513
ALA 242 64.1767 68.19 103.763
frame 193: 
SER 66 62.13 62.63 102.54
ALA 63 58.1233 64.3133 105.553
PRO 59 53.75 69.57 105.94
ALA 29 53.1967 71.6467 110.483
PHE 28 59.72 73.02 107.41
MET 246 64.21 71.4 106.85
LEU 243 66.2667 67.2733 108.327
ALA 242 64.16 68.29 102.82
frame 194: 
SER 66 62.17 62.45 102.11
ALA 63 58.11 64.1633 105.687
PRO 59 54.18 70.04 106.48
ALA 29 54.04 71.55 110.293
PHE 28 60.07 73 106.69
MET 246 63.39 71.52 106.79
LEU 243 66.5767 67.27 108.277
ALA 242 63.76 68.46 102.783
frame 195: 
SER 66 61.97 63.13 102.06
ALA 63 58.0833 64.8133 105.637
PRO 59 54.82 70.94 105.66
ALA 29 53.6633 71.7967 110.437
PHE 28 60.28 73.92 107.04
MET 246 64 71.8 106.87
LEU 243 66.2633 67.81 108.377
ALA 242 64.0467 68.3167 102.707
frame 196: 
SER 66 61.76 62.69 102.54
ALA 63 57.6433 65.2767 105.58
PRO 59 54.77 70.87 105.51
ALA 29 53.6133 71.7833 110.583
PHE 28 60.74 73.97 107.24
MET 246 63.7 71.88 106.53
LEU 243 67.29 67.5933 108.183
ALA 242 64.4167 67.8867 103.347
frame 197: 
SER 66 61.57 63.15 102.33
ALA 63 57.5167 65.31 105.647
PRO 59 54.95 70.8 105.73
ALA 29 53.9533 72.1033 109.94
PHE 28 59.58 72.87 106.37
MET 246 63.44 71.98 106.64
LEU 243 66.4267 67.89 108.58
ALA 242 64.6067 67.8733 103.207
frame 198: 
SER 66 61.38 63.4 102.6
ALA 63 57.4833 65.11 105.473
PRO 59 53.93 70.44 106.01
ALA 29 52.5533 72.1933 111.067
PHE 28 59.68 74.28 107.4
MET 246 63.26 72.32 106.79
LEU 243 66.7267 67.8767 108.78
ALA 242 64.05 68.4933 103.213
frame 199: 
SER 66 61.21 63.33 101.92
ALA 63 57.7567 65.1367 105.487
PRO 59 55.01 70.53 105.45
ALA 29 53.4933 72.1667 110.78
PHE 28 60.11 74.28 107.35
MET 246 63.94 72.35 106.88
LEU 243 66.5467 67.8433 108.863
ALA 242 63.8433 68.12 102.927
frame 200: 
SER 66 61.46 63.2 102.39
ALA 63 57.6633 65.29 105.557
PRO 59 54.79 70.96 105.3
ALA 29 53.11 72.0767 110.933
PHE 28 59.88 73.72 106.56
MET 246 64 72.12 106.61
LEU 243 67.0067 67.8533 107.88
ALA 242 64.1933 68.31 102.937
frame 201: 
SER 66 61.77 63.47 102.49
ALA 63 57.53 65.6333 105.573
PRO 59 54.49 70.96 106.02
ALA 29 53.4133 72.2333 110.65
PHE 28 61.03 74.01 107.42
MET 246 63.86 72.21 106.86
LEU 243 68.1367 67.94 108.59
ALA 242 64.46 68.2533 103.197
frame 202: 
SER 66 61.88 63.58 102.17
ALA 63 57.64 65.5 105.543
PRO 59 54.96 70.9 105.47
ALA 29 53.3967 72.53 110.477
PHE 28 59.84 74.11 106.75
MET 246 63.47 73.06 106.31
LEU 243 66.5433 68.0533 108.273
ALA 242 64.2267 68.5933 103.01
frame 203: 
SER 66 60.99 63.55 102.14
ALA 63 57.52 65.22 105.343
PRO 59 54.79 71.4 105.73
ALA 29 53.5833 72.3567 110.4
PHE 28 60.95 74.09 106.93
MET 246 63.91 71.97 106.99
LEU 243 66.4133 68.7033 108.493
ALA 242 63.9267 68.2467 103.17
frame 204: 
SER 66 61.58 62.87 102.18
ALA 63 57.95 65.0833 105.343
PRO 59 54.4 70.9 105.41
ALA 29 53.33 72.02 110.56
PHE 28 61.14 74.6 107.86
MET 246 63.73 72.12 106.89
LEU 243 66.6767 68.0067 108.067
ALA 242 64.0067 68.66 103.113
frame 205: 
SER 66 62.11 63.22 101.83
ALA 63 57.2167 64.9967 105.367
PRO 59 53.67 70.77 105.97
ALA 29 53.4 72.52 110.347
PHE 28 59.62 74.83 107.05
MET 246 63.79 72.23 106.62
LEU 243 66.5533 67.3767 108.333
ALA 242 63.8933 68.6967 103.23
frame 206: 
SER 66 61.24 62.89 102.61
ALA 63 57.5167 64.44 105.977
PRO 59 54.69 71.61 104.85
ALA 29 52.9933 72.1733 110.51
PHE 28 60.47 75.2 107.34
MET 246 63.98 72.33 106.77
LEU 243 66.41 67.5733 107.607
ALA 242 63.9567 68.8867 103.133
frame 207: 
SER 66 61.64 63.48 102.25
ALA 63 57.1667 65.3467 105.673
PRO 59 54.76 70.71 105.56
ALA 29 53.8967 72.2233 110.397
PHE 28 60.66 73.7 107.26
MET 246 64.23 72.38 106.68
LEU 243 67.22 67.87 108.327
ALA 242 64.1867 68.8333 103.79
frame 208: 
SER 66 61.72 63.29 102.11
ALA 63 57.4733 65.4967 105.183
PRO 59 54.43 70.93 105.22
ALA 29 54.08 71.8633 110.613
PHE 28 59.92 73.98 106.56
MET 246 64.34 72.33 106.24
LEU 243 66.7267 68.12 107.887
ALA 242 64.2467 68.8633 103.04
frame 209: 
SER 66 60.95 63.66 102.1
ALA 63 56.8833 65.29 105.303
PRO 59 54.25 70.41 105.26
ALA 29 53.1433 72.1733 110.287
PHE 28 60.75 74.45 107.4
MET 246 63.52 72.84 106.64
LEU 243 65.9733 68.0633 108.36
ALA 242 64.0467 68.88 103.183
frame 210: 
SER 66 61.61 63.01 102.19
ALA 63 57.21 65.6633 105.257
PRO 59 54.24 70.79 105.39
ALA 29 52.52 72.1533 110.597
PHE 28 61 74.53 107.93
MET 246 64.18 72.38 106.41
LEU 243 66.2533 67.9933 107.827
ALA 242 63.9233 68.64 102.903
frame 211: 
SER 66 60.24 63.74 101.54
ALA 63 57.1667 65.43 105.187
PRO 59 53.85 70.94 104.92
ALA 29 53.5 72.0867 109.65
PHE 28 60.55 73.92 106.81
MET 246 64.23 72.2 106.63
LEU 243 66.05 68.2133 108.133
ALA 242 63.9233 68.47 103.097
frame 212: 
SER 66 61.29 62.97 102.12
ALA 63 56.9133 65.5633 105.033
PRO 59 54.25 70.32 105.09
ALA 29 53.79 71.7733 109.74
PHE 28 60.24 73.56 107.04
MET 246 63.84 71.89 106.42
LEU 243 65.7133 68.06 108.013
ALA 242 63.8133 68.4967 102.317
frame 213: 
SER 66 61.55 63.34 102.43
ALA 63 57.0833 65.1733 105.257
PRO 59 54.5 70.62 105.52
ALA 29 52.8367 71.8733 110.847
PHE 28 60.36 73.8 106.92
MET 246 64.46 71.94 106.85
LEU 243 66.5667 68.13 108.397
ALA 242 64.2633 68.27 102.987
frame 214: 
SER 66 61.06 63.07 102.28
ALA 63 57.4833 64.9933 105.43
PRO 59 54.61 70.65 105.3
ALA 29 53.42 72.0567 110.8
PHE 28 60.09 73.14 107.38
MET 246 63.77 71.77 106.82
LEU 243 66.5567 67.3367 107.653
ALA 242 63.8467 68.5967 103.093
frame 215: 
SER 66 61.17 63.54 102.63
ALA 63 56.77 65.2833 105.487
PRO 59 52.47 70.55 106.01
ALA 29 53.57 72.2733 110.787
PHE 28 60.72 74.06 107.17
MET 246 64.43 72.15 106.63
LEU 243 66.8767 68.1467 108.453
ALA 242 64.12 68.6033 103.207
frame 216: 
SER 66 61.05 63.63 102.35
ALA 63 57.38 65.39 105.437
PRO 59 53.07 70.76 105.92
ALA 29 53.5933 72.33 110.863
PHE 28 60.02 73.09 107.25
MET 246 64.21 72.14 106.44
LEU 243 66.42 67.64 107.86
ALA 242 64.3233 68.64 102.977
frame 217: 
SER 66 61.6 63.26 102.83
ALA 63 56.8767 66.1667 105.48
PRO 59 54.44 71.28 105.68
ALA 29 53.4567 71.7533 109.983
PHE 28 59.92 73.45 106.3
MET 246 63.75 71.81 106.79
LEU 243 66.1333 67.6733 108.237
ALA 242 63.9033 67.9533 102.787
frame 218: 
SER 66 61.29 63.34 102.1
ALA 63 56.7367 65.4967 105.21
PRO 59 54.61 70.92 105.01
ALA 29 52.4733 72.17 110.633
PHE 28 60.47 74.3 107.41
MET 246 63.63 72.26 106.26
LEU 243 65.96 67.8733 108.24
ALA 242 64.1 68.3067 102.447
frame 219: 
SER 66 61.16 62.96 102.82
ALA 63 56.2767 65.5267 105.297
PRO 59 53.6 70.01 105.62
ALA 29 53.6467 71.91 110.597
PHE 28 59.91 73.87 106.85
MET 246 64.39 72.02 106.73
LEU 243 66.1267 67.82 107.87
ALA 242 64.2467 68.2267 102.47
frame 220: 
SER 66 61.56 62.68 102.48
ALA 63 57.9467 65.8867 105.273
PRO 59 53.35 70.7 105.53
ALA 29 53.15 72.36 110.933
PHE 28 59.51 73.2 107.66
MET 246 63.91 71.58 106.95
LEU 243 66.4367 67.1267 107.847
ALA 242 64 67.85 103.357
frame 221: 
SER 66 61.44 61.57 102.88
ALA 63 56.3933 65.46 105.337
PRO 59 54.12 70.38 105.45
ALA 29 52.6667 72.37 111.317
PHE 28 60.1 74.15 107.48
MET 246 63.27 71.7 106.82
LEU 243 66.6833 67.1 108.71
ALA 242 63.8233 68.22 102.983
frame 222: 
SER 66 61.88 62.42 103.08
ALA 63 57.2133 65.6867 105.613
PRO 59 54.19 70.86 105.6
ALA 29 53.21 72.4367 110.8
PHE 28 61.25 75.24 108.29
MET 246 63.99 72.05 106.75
LEU 243 66.93 67.9467 108.82
ALA 242 63.8967 68.5533 103.2
frame 223: 
SER 66 61.56 63 102.73
ALA 63 57.1933 65.77 105.67
PRO 59 54.53 71.24 105.38
ALA 29 53.6033 72.3467 110.49
PHE 28 59.81 74.63 107.32
MET 246 63.19 72.44 106.89
LEU 243 65.1767 68.0433 108.01
ALA 242 63.79 68.47 103.527
frame 224: 
SER 66 61.59 63.16 102.75
ALA 63 57.3667 65.68 105.743
PRO 59 53.26 70.98 105.87
ALA 29 53.3367 71.7667 111.563
PHE 28 60.7 73.96 107.88
MET 246 63.76 71.78 107.04
LEU 243 66.7433 67.93 108.477
ALA 242 64.2333 68.23 103.453
frame 225: 
SER 66 61.74 64.25 103.07
ALA 63 56.65 66.7833 105.673
PRO 59 53.8 71.57 105.35
ALA 29 53.1333 72.14 110.757
PHE 28 60.1 74.82 107.05
MET 246 63.69 72.29 106.8
LEU 243 66.2267 67.9467 108.25
ALA 242 63.57 68.66 103.09
frame 226: 
SER 66 61.75 62.7 103.06
ALA 63 56.6533 66.9133 105.57
PRO 59 53.56 71.42 105.86
ALA 29 52.7967 72.47 110.813
PHE 28 60.31 74.29 107.44
MET 246 63.42 72.5 106.57
LEU 243 65.7967 68.19 108.093
ALA 242 63.5333 68.87 103.59
frame 227: 
SER 66 61.28 63.3 102.64
ALA 63 56.85 66.7567 104.897
PRO 59 54.08 71.45 105.16
ALA 29 51.7933 72.6967 110.89
PHE 28 59.57 74.93 107.22
MET 246 63.22 72.14 106.73
LEU 243 65.4267 68.0367 108.21
ALA 242 63.2767 68.4267 102.98
frame 228: 
SER 66 61.09 62.84 102.63
ALA 63 56.3233 65.91 105.113
PRO 59 53.79 70.81 105.23
ALA 29 52.7367 72.7167 110.317
PHE 28 59.8 74.73 107
MET 246 63.39 71.92 106.85
LEU 243 65.9067 68.0067 108.563
ALA 242 63.65 68.1767 103.43
frame 229: 
SER 66 61.48 63.84 102.95
ALA 63 56.4633 66.8333 105.167
PRO 59 53.79 71.28 105.12
ALA 29 52.9967 72.52 110.357
PHE 28 60.29 73.95 107.14
MET 246 63.35 72.11 106.52
LEU 243 65.8767 68.1333 108.407
ALA 242 63.5067 68.2167 102.967
frame 230: 
SER 66 61.63 63.1 102.24
ALA 63 57.71 66.3333 104.92
PRO 59 52.02 70.8 105.28
ALA 29 52.5 72.51 110.48
PHE 28 59.58 73.48 107.11
MET 246 63.3 72.29 106.41
LEU 243 65.7 68.2133 107.82
ALA 242 63.5033 68.4967 102.717
frame 231: 
SER 66 61.42 63.05 102.47
ALA 63 57.1833 66.51 105.527
PRO 59 53.98 71.53 105.38
ALA 29 52.61 72.7067 110.69
PHE 28 60.01 73.23 107.09
MET 246 63.35 72.05 106.93
LEU 243 66.2933 67.48 108.283
ALA 242 63.1667 68.7767 103.043
frame 232: 
SER 66 61.41 64.09 102.28
ALA 63 56.5333 66.3167 105.13
PRO 59 53.79 71.13 105.48
ALA 29 52.5667 72.74 110.463
PHE 28 60.17 74 107.67
MET 246 63.03 72.21 106.76
LEU 243 65.3933 67.7933 108.417
ALA 242 63.45 68.4033 102.963
frame 233: 
SER 66 61.84 64.24 101.93
ALA 63 57.2367 66.1533 104.977
PRO 59 54.24 71.32 105.03
ALA 29 53.3 71.8267 110.04
PHE 28 60.39 73.76 106.74
MET 246 63.3 72.2 106.47
LEU 243 65.78 68.2167 108.277
ALA 242 63.4367 68.4633 102.77
frame 234: 
SER 66 61.2 63.82 102.75
ALA 63 56.9933 66.5833 105.517
PRO 59 54.2 71.7 105.74
ALA 29 52.5467 72.41 111.153
PHE 28 60.04 74.67 107.45
MET 246 62.95 72.37 106.88
LEU 243 65.1067 68.0133 108.033
ALA 242 63.47 68.43 103.073
frame 235: 
SER 66 61.25 63.36 102.76
ALA 63 56.9333 66.7667 105.297
PRO 59 53.64 71.28 105.73
ALA 29 52.4767 72.2833 111.017
PHE 28 60.07 74.64 107.65
MET 246 62.93 71.84 107.04
LEU 243 65.24 68.1333 108.66
ALA 242 63.54 68.45 102.987
frame 236: 
SER 66 60.88 64.08 102.3
ALA 63 56.6767 66.12 105.623
PRO 59 54.02 71.28 105.49
ALA 29 52.65 72.6433 110.853
PHE 28 58.83 73.84 107.2
MET 246 63.35 72.16 106.7
LEU 243 65.7933 68.0067 108.71
ALA 242 63.33 68.7133 102.99
frame 237: 
SER 66 60.76 63.37 102.83
ALA 63 56.34 65.6167 105.933
PRO 59 54.15 71.31 105.54
ALA 29 52.48 72.6567 110.963
PHE 28 59.95 75.14 107.74
MET 246 62.57 72.61 106.78
LEU 243 65.6267 68.1233 108.767
ALA 242 63.23 68.2833 103.213
frame 238: 
SER 66 61.33 64.01 102.7
ALA 63 57.2133 65.82 105.8
PRO 59 54.5 71.4 105.39
ALA 29 52.26 72.7533 110.993
PHE 28 59.23 74.2 107.5
MET 246 63.59 71.93 107.04
LEU 243 66.3967 67.9733 108.623
ALA 242 63.8233 68.13 103.363
frame 239: 
SER 66 61.24 63.97 103.05
ALA 63 56.66 66.0333 106.05
PRO 59 53.96 71.56 105.72
ALA 29 52.7567 72.7433 111.517
PHE 28 59.44 73.69 107.45
MET 246 62.99 72.34 106.62
LEU 243 65.8733 67.8467 108.793
ALA 242 63.5333 68.54 103.143
frame 240: 
SER 66 61.64 63.93 103.21
ALA 63 57.3 66.36 105.777
PRO 59 54.21 71.49 105.61
ALA 29 52.3033 72.2533 111.687
PHE 28 59.13 73.57 107.02
MET 246 63.32 72.41 106.75
LEU 243 65.4633 68.0467 108.57
ALA 242 63.4567 68.58 102.917
frame 241: 
SER 66 61.89 63.58 103.66
ALA 63 57.0567 66.7633 105.887
PRO 59 54.35 71.66 105.46
ALA 29 52.5933 72.5267 110.49
PHE 28 59.92 74.34 106.99
MET 246 62.96 72.22 106.52
LEU 243 66.21 67.6933 108.523
ALA 242 63.2367 68.4833 102.867
frame 242: 
SER 66 61.13 63.36 103.55
ALA 63 56.7733 66.9633 106.08
PRO 59 53.82 72 106.13
ALA 29 52.9767 72.74 111.037
PHE 28 59.93 73.83 107.48
MET 246 63.61 72.07 107.47
LEU 243 65.5033 67.8933 109.23
ALA 242 63.6367 68.33 103.893
frame 243: 
SER 66 61.46 63.5 103.49
ALA 63 56.37 66.9133 106.183
PRO 59 53.52 71.94 106.24
ALA 29 52.66 72.7867 110.997
PHE 28 60.32 75.77 108.03
MET 246 63.26 72.76 106.69
LEU 243 65.4967 68.84 108.52
ALA 242 63.8133 69.02 103.22
frame 244: 
SER 66 61.63 63.37 103.52
ALA 63 56.6067 67.1333 106.197
PRO 59 54.19 72.1 105.94
ALA 29 52.5733 72.7533 110.777
PHE 28 60.3 75.67 107.94
MET 246 63 72.34 107.26
LEU 243 65.0333 68.72 109.123
ALA 242 63.55 68.4833 103.29
frame 245: 
SER 66 61.01 63.61 104.24
ALA 63 56.4067 67.52 106.337
PRO 59 53.09 71.68 106.65
ALA 29 52.67 73.1733 111.107
PHE 28 59.14 73.94 107.64
MET 246 63.07 72.4 107.08
LEU 243 65.5133 68.35 108.863
ALA 242 63.25 68.6433 103.837
frame 246: 
SER 66 61.83 63.87 103.96
ALA 63 56.5533 67.4667 106.553
PRO 59 53.59 72.01 106.1
ALA 29 52.6833 72.9233 110.833
PHE 28 59.65 74.1 107.59
MET 246 63.16 72.1 107.14
LEU 243 65.7033 68.0533 108.987
ALA 242 63.48 68.1633 103.81
frame 247: 
SER 66 61.35 63.28 103.97
ALA 63 56.6967 67.2467 105.967
PRO 59 54.56 71.94 105.5
ALA 29 52.8733 72.9733 111.487
PHE 28 59.9 74.02 107.83
MET 246 63.24 72.28 107.38
LEU 243 65.62 67.7733 108.407
ALA 242 63.27 68.4633 103.33
frame 248: 
SER 66 61.6 62.94 103.96
ALA 63 56.8433 66.2533 106.347
PRO 59 54.12 71.51 106.03
ALA 29 52.6967 72.57 111.067
PHE 28 59.65 75.66 107.36
MET 246 63.21 72.39 106.94
LEU 243 65.9133 68.0433 108.85
ALA 242 63.4567 68.6367 103.41
frame 249: 
SER 66 61.18 62.56 104.1
ALA 63 56.5467 66.54 106.187
PRO 59 53.65 71.41 106.01
ALA 29 52.8067 72.4167 111.14
PHE 28 59.85 74.56 107.44
MET 246 63.57 72.34 107.74
LEU 243 65.2033 68.3067 109.017
ALA 242 63.35 69.08 103.547
frame 250: 
SER 66 61.9 63.62 103.91
ALA 63 56.9133 67.0133 106.25
PRO 59 54.11 71.72 106.29
ALA 29 52.6467 72.88 111.117
PHE 28 59.53 73.71 107.68
MET 246 63.44 72.17 107.63
LEU 243 65.6767 68.13 109.353
ALA 242 63.58 67.9633 103.467
frame 251: 
SER 66 60.88 63.16 103.87
ALA 63 57.0167 66.18 106.557
PRO 59 53.94 71.59 106.28
ALA 29 52.5567 72.7833 111.073
PHE 28 59.58 74.1 107.55
MET 246 62.79 72.83 107.08
LEU 243 65.5867 67.7767 108.963
ALA 242 63.6967 68.3167 103.3
frame 252: 
SER 66 61.79 62.91 103.98
ALA 63 56.7633 66.57 106.91
PRO 59 53.99 71.51 105.76
ALA 29 52.5467 72.23 110.233
PHE 28 59.88 74.77 107.77
MET 246 63.24 72.11 107.31
LEU 243 65.2033 67.9667 108.87
ALA 242 63.2367 68.55 103.39
frame 253: 
SER 66 60.93 63.21 104.39
ALA 63 56.09 66.6567 106.387
PRO 59 52.85 71.22 106.1
ALA 29 52.9 72.38 110.63
PHE 28 59.92 73.48 108.04
MET 246 63.29 71.91 107.02
LEU 243 65.82 68.1167 108.893
ALA 242 63.53 68.04 103.79
frame 254: 
SER 66 61.15 62.86 103.9
ALA 63 56.6033 65.89 106.49
PRO 59 53.39 71.6 106.52
ALA 29 52.6633 72.6433 111.67
PHE 28 59.55 74.2 107.63
MET 246 63.62 71.97 107.58
LEU 243 65.5633 67.6367 109.163
ALA 242 63.4033 68.5167 103.603
frame 255: 
SER 66 61.34 63.43 104.38
ALA 63 56.78 65.39 106.833
PRO 59 53.69 71.32 106.5
ALA 29 52.58 72.6867 111.233
PHE 28 59.82 74.35 107.16
MET 246 63.52 72.26 107.57
LEU 243 66.19 67.8133 109.34
ALA 242 63.5333 68.3933 104.06
frame 256: 
SER 66 61.93 63.96 103.87
ALA 63 56.5133 66.5467 106.263
PRO 59 54.02 71.41 105.85
ALA 29 52.38 72.5133 111.35
PHE 28 59.34 74.26 107.38
MET 246 63.8 72.66 107.54
LEU 243 66.2833 68.05 109.78
ALA 242 63.5033 68.3267 104.36
frame 257: 
SER 66 62.16 63.25 103.49
ALA 63 57.5 66.1233 106.11
PRO 59 54.76 71.82 105.92
ALA 29 52.6433 73.09 111.667
PHE 28 59.96 74.78 107.88
MET 246 63.65 72.66 107.59
LEU 243 66.13 67.9867 109.157
ALA 242 63.78 68.65 104.4
frame 258: 
SER 66 61.51 63.88 103.9
ALA 63 56.1033 66.2233 106.29
PRO 59 53.7 71.7 106.47
ALA 29 51.66 73.1867 112.18
PHE 28 59.68 74.82 108.03
MET 246 63.31 72.52 107.16
LEU 243 65.84 68.4267 108.51
ALA 242 63.8533 68.5367 103.863
frame 259: 
SER 66 61.63 63.47 104.04
ALA 63 56.8567 66.4167 106.663
PRO 59 53.67 71.81 106.56
ALA 29 52.5167 72.97 111.17
PHE 28 60.36 73.85 107.73
MET 246 63.77 72.48 107.66
LEU 243 65.7633 68.1333 108.983
ALA 242 63.9567 68.4433 104.487
frame 260: 
SER 66 61.85 64.14 103.85
ALA 63 57.1767 66.9233 106.667
PRO 59 53.57 72.06 106.4
ALA 29 52.57 72.4967 111.947
PHE 28 59.86 75.77 108.1
MET 246 63.81 72.32 107.31
LEU 243 66.5033 68.4933 109.327
ALA 242 63.9333 68.4 103.903
frame 261: 
SER 66 61.88 63.65 104.24
ALA 63 57.0567 65.9167 107.083
PRO 59 52.89 71.27 107.09
ALA 29 52.4 72.8467 110.893
PHE 28 59.7 74.28 107.22
MET 246 63.39 72.55 107.75
LEU 243 66.49 67.9667 109.42
ALA 242 63.8767 68.2167 104.407
frame 262: 
SER 66 61.3 63.55 104.06
ALA 63 56.6033 66.0767 107.033
PRO 59 52.49 70.5 107.52
ALA 29 53.0067 72.6367 111.26
PHE 28 60 74.24 107.91
MET 246 64.02 72.79 107.2
LEU 243 66.0067 68.4067 108.823
ALA 242 63.4967 69.32 103.763
frame 263: 
SER 66 61.91 63.58 103.85
ALA 63 57.1533 66.12 106.777
PRO 59 54.41 71.51 106.63
ALA 29 53.1967 72.34 111.3
PHE 28 60.93 74.79 108.06
MET 246 64.11 72.47 107.6
LEU 243 66.3833 68.5667 109.397
ALA 242 63.94 68.83 104.137
frame 264: 
SER 66 62.39 63.82 104.32
ALA 63 56.8067 66.8 106.647
PRO 59 54.27 71.42 106.71
ALA 29 53.3333 72.55 111.37
PHE 28 60.3 74.4 107.7
MET 246 64.4 72.72 107.61
LEU 243 66.21 68.3 109.073
ALA 242 64.1467 68.5767 104.543
frame 265: 
SER 66 62.03 63.91 104.31
ALA 63 56.8233 65.8867 107.303
PRO 59 54.58 71.99 106.1
ALA 29 52.69 72.6433 111.483
PHE 28 59.54 75.1 107.13
MET 246 63.51 73.06 107.37
LEU 243 65.9967 68.7733 109.333
ALA 242 63.7133 69.0133 103.873
frame 266: 
SER 66 62.06 64.04 103.62
ALA 63 57.57 65.68 106.973
PRO 59 54.84 72.19 105.91
ALA 29 53.11 72.4767 111.187
PHE 28 60.52 73.84 107.92
MET 246 63.75 72.63 107.86
LEU 243 66 68.1267 109.607
ALA 242 63.7933 68.8667 103.92
frame 267: 
SER 66 62.02 63.43 103.68
ALA 63 56.7833 65.74 106.58
PRO 59 54.43 71.51 106.34
ALA 29 52.6633 72.7067 111.463
PHE 28 59.65 74.5 107.89
MET 246 63.34 72.44 107.21
LEU 243 65.6533 68.0133 108.757
ALA 242 63.75 68.7133 103.897
frame 268: 
SER 66 61.12 63.81 104.08
ALA 63 57.11 66.2567 106.697
PRO 59 54.83 71.83 106.14
ALA 29 52.5 73.37 111.437
PHE 28 60.21 75.33 108.33
MET 246 63.6 72.73 107.75
LEU 243 65.3667 68.8867 109.3
ALA 242 63.29 69.18 103.983
frame 269: 
SER 66 61.46 63.77 103.81
ALA 63 56.97 65.47 107.163
PRO 59 54.39 71.58 106.91
ALA 29 53.0133 72.7267 110.777
PHE 28 59.33 74.38 107.69
MET 246 63.92 72.65 107.65
LEU 243 65.9033 68.5833 109.41
ALA 242 63.87 68.5167 104.023
frame 270: 
SER 66 62.54 63.44 103.32
ALA 63 57.5933 66.6533 106.093
PRO 59 54.28 71.79 106.08
ALA 29 52.3333 72.8867 111.737
PHE 28 60.27 75.05 107.97
MET 246 63.96 72.14 107.76
LEU 243 65.8133 68.09 109.103
ALA 242 63.5067 68.6733 103.81
frame 271: 
SER 66 61.77 63.73 103.56
ALA 63 57.11 65.9767 106.637
PRO 59 53.55 71.04 106.69
ALA 29 53.1167 72.5167 111.253
PHE 28 59.91 74.07 108.02
MET 246 63.67 72.5 107.55
LEU 243 66.3867 68.14 109.393
ALA 242 63.5467 68.8933 104.14
frame 272: 
SER 66 61.39 63.91 104.08
ALA 63 57.2633 66.56 106.303
PRO 59 54.02 71.41 106.37
ALA 29 52.7 72.7133 111.203
PHE 28 60.51 74.23 108.45
MET 246 63.38 72.71 107.43
LEU 243 66.04 68.0833 109.137
ALA 242 63.9 68.7833 104.313
frame 273: 
SER 66 62.17 63.58 103.99
ALA 63 57.5133 67.0933 106.597
PRO 59 54.36 71.94 106.5
ALA 29 53.0233 72.7667 111.387
PHE 28 59.41 74.21 107.83
MET 246 63.6 72.5 107.57
LEU 243 66.7167 68.22 108.947
ALA 242 63.7067 68.7767 104.093
frame 274: 
SER 66 61.96 63.61 103.69
ALA 63 57.7333 66.1233 107.347
PRO 59 54.64 71.73 106.51
ALA 29 52.5 73.0233 111.55
PHE 28 60.1 73.91 108.22
MET 246 63.81 72.75 107.71
LEU 243 66.38 67.8833 109.15
ALA 242 63.9833 68.77 104.577
frame 275: 
SER 66 61.8 63.93 103.71
ALA 63 57.66 65.93 107.28
PRO 59 54.19 71.97 106.36
ALA 29 53.2333 72.3167 111.573
PHE 28 60.16 74.21 108.09
MET 246 63.74 72.74 108.11
LEU 243 66.6967 68.52 109.83
ALA 242 63.62 69.1233 104.543
frame 276: 
SER 66 61.87 64.2 103.88
ALA 63 57.8833 65.8 107.217
PRO 59 54.87 71.84 106.35
ALA 29 53.17 72.86 111.213
PHE 28 59.54 73.81 108.41
MET 246 63.4 72.39 107.63
LEU 243 65.75 68.4 109.017
ALA 242 63.5167 68.5567 104.33
frame 277: 
SER 66 60.99 63.47 104.43
ALA 63 57.0067 65.99 107.117
PRO 59 54.94 72.25 105.47
ALA 29 52.7367 73.4867 111.36
PHE 28 60.32 74.6 108.36
MET 246 63.42 72.84 107.97
LEU 243 66 68.3967 109.433
ALA 242 63.5467 68.98 104.66
frame 278: 
SER 66 61.42 63.7 103.97
ALA 63 57.3733 65.42 106.99
PRO 59 54.6 71.98 105.78
ALA 29 52.6233 73.2333 111.43
PHE 28 60.33 74.4 107.71
MET 246 64.33 72.78 107.58
LEU 243 66.2 68.9133 109.67
ALA 242 63.79 68.8433 104.403
frame 279: 
SER 66 61.46 64.35 103.5
ALA 63 57.8767 65.8 106.84
PRO 59 54.59 72.54 105.49
ALA 29 52.1233 72.7867 111.177
PHE 28 59.43 75.33 107.56
MET 246 63.16 72.78 107.22
LEU 243 66.2367 68.5267 109.64
ALA 242 63.75 68.8667 103.613
frame 280: 
SER 66 61.4 63.87 103.62
ALA 63 57.12 65.9267 106.893
PRO 59 54.52 72.78 105.3
ALA 29 52.8767 73.16 111.1
PHE 28 59.84 75.88 107.48
MET 246 63.03 72.77 107.02
LEU 243 65.4867 68.58 109.207
ALA 242 63.4233 68.9267 103.813
frame 281: 
SER 66 62.34 63.3 104.08
ALA 63 57.0067 67.3767 106.61
PRO 59 54.01 72.15 106.88
ALA 29 52.5167 73.5567 111.633
PHE 28 60.51 75.63 108.34
MET 246 63.05 72.9 107.17
LEU 243 65.8667 68.9867 109.293
ALA 242 63.8067 68.7967 104.497
frame 282: 
SER 66 61.31 64.39 103.3
ALA 63 57.1933 66.5933 106.43
PRO 59 54.4 71.19 106.6
ALA 29 53 72.82 111.323
PHE 28 59.9 75.73 108.49
MET 246 63.21 73.22 107.74
LEU 243 65.8033 68.34 109.367
ALA 242 63.6767 69.2267 103.88
frame 283: 
SER 66 61.27 64.39 103.68
ALA 63 57.85 66.5533 107.053
PRO 59 54.82 72.32 106.05
ALA 29 52.9633 72.9533 111.627
PHE 28 60.3 75.64 108
MET 246 63.31 73.06 107.51
LEU 243 65.9033 68.7467 109.627
ALA 242 63.88 69.19 104.44
frame 284: 
SER 66 62.14 63.8 103.58
ALA 63 57.9133 65.9567 107.21
PRO 59 54.62 72.47 106.51
ALA 29 52.8933 73.6333 111.72
PHE 28 59.86 74.61 107.82
MET 246 63.72 73.04 107.58
LEU 243 66.6633 68.15 109.79
ALA 242 63.94 68.9867 104.697
frame 285: 
SER 66 61.48 64.45 104.11
ALA 63 57.8867 66.92 106.907
PRO 59 54.3 72.88 105.65
ALA 29 52.1767 73.2933 109.937
PHE 28 60.04 75.7 108.38
MET 246 62.84 73.03 107.56
LEU 243 65.8733 68.7033 109.847
ALA 242 63.6567 68.91 103.82
frame 286: 
SER 66 61.52 64.22 104.23
ALA 63 57.33 67.1133 106.767
PRO 59 55.03 72.28 105.75
ALA 29 53.09 72.98 111.637
PHE 28 60.58 74.43 107.96
MET 246 63.63 72.57 107.7
LEU 243 66.0833 68.2333 109.61
ALA 242 64.1467 68.6867 104.12
frame 287: 
SER 66 61.87 64.48 103.91
ALA 63 57.18 66.7633 106.927
PRO 59 53.86 71.89 106.56
ALA 29 53.2667 73.17 110.593
PHE 28 59.17 74.66 106.45
MET 246 63.95 73.09 107.79
LEU 243 66.12 69.5567 109.727
ALA 242 64.37 68.96 104.263
frame 288: 
SER 66 61.93 65.18 103.23
ALA 63 56.84 67.5767 106.383
PRO 59 54.63 72.72 105.9
ALA 29 52.2933 73.4233 111.177
PHE 28 60.3 73.55 108.05
MET 246 63.15 73.08 107.55
LEU 243 65.7767 69.0767 109.663
ALA 242 63.5967 69.2833 103.8
frame 289: 
SER 66 62.22 64.93 103.44
ALA 63 57.5 67.2733 106.757
PRO 59 54.78 72.3 106.09
ALA 29 52.7367 73.54 111.8
PHE 28 60.2 75.01 107.79
MET 246 63.02 73.38 107.5
LEU 243 65.7967 68.9433 109.463
ALA 242 63.6533 69.2733 103.803
frame 290: 
SER 66 61.7 64.37 103.89
ALA 63 57.1233 67.12 106.877
PRO 59 54.58 72.45 105.99
ALA 29 53.1033 73.8033 111.627
PHE 28 60.01 74.37 107.8
MET 246 63.35 73.19 108.01
LEU 243 66.2133 68.5867 109.573
ALA 242 63.8567 69.1533 104.35
frame 291: 
SER 66 61.18 64.93 103.54
ALA 63 57.4133 67.39 106.353
PRO 59 54.22 72.41 106.24
ALA 29 53.06 73.59 111.57
PHE 28 59.7 74.93 107.93
MET 246 63.14 73.82 107.04
LEU 243 65.7967 69.13 108.59
ALA 242 63.37 69.5967 103.903
frame 292: 
SER 66 62.23 64.39 103.55
ALA 63 57.9967 66.48 106.753
PRO 59 55.11 72.74 105.86
ALA 29 53.0733 73.64 111.2
PHE 28 59.49 75.44 107.72
MET 246 63.13 73.76 107.64
LEU 243 66.5833 68.84 109.34
ALA 242 63.64 69.8367 104.01
frame 293: 
SER 66 61.79 64.25 103.79
ALA 63 57.9567 66.67 106.797
PRO 59 54.9 72.91 105.78
ALA 29 52.9733 73.9133 111.387
PHE 28 60.16 75.12 107.83
MET 246 63.46 73.67 107.58
LEU 243 66.2133 69.23 110.163
ALA 242 63.9133 69.3433 104.37
frame 294: 
SER 66 62.09 64.16 104.26
ALA 63 57.77 67.22 106.823
PRO 59 55.29 72.93 105.15
ALA 29 53 73.2067 111.59
PHE 28 60.78 74.9 108.45
MET 246 63.74 73.15 107.57
LEU 243 66.38 69 109.23
ALA 242 63.4033 69.6333 103.497
frame 295: 
SER 66 62.19 63.72 103.61
ALA 63 57.8033 66.5433 106.927
PRO 59 54.74 72.67 106.17
ALA 29 53.0633 73.68 110.923
PHE 28 60.15 74.37 107.91
MET 246 62.97 72.93 106.83
LEU 243 65.93 68.3733 108.957
ALA 242 63.7267 68.7233 103.717
frame 296: 
SER 66 62.16 64.94 102.95
ALA 63 58.1067 66.69 106.953
PRO 59 55.29 72.52 105.43
ALA 29 52.66 73.5633 110.817
PHE 28 60.02 74.83 107.62
MET 246 63.19 73.37 107.28
LEU 243 66.3767 68.6467 108.987
ALA 242 63.5933 69.3933 104.08
frame 297: 
SER 66 61.73 64.53 103.39
ALA 63 58.4233 66.48 106.87
PRO 59 55.35 72.59 105.38
ALA 29 52.6467 73.5433 111.07
PHE 28 60.44 75.26 107.9
MET 246 63.58 72.81 107.46
LEU 243 66.2667 69.2133 109.517
ALA 242 63.7467 69.2933 103.537
frame 298: 
SER 66 61.61 64.74 104
ALA 63 57.2233 67.13 106.72
PRO 59 54.28 72.41 105.99
ALA 29 52.4267 73.58 111.23
PHE 28 59.52 74.23 107.43
MET 246 62.64 73.14 107.14
LEU 243 65.9467 68.73 108.943
ALA 242 63.4133 68.9867 103.523
frame 299: 
SER 66 61.65 64.45 103.68
ALA 63 57.3033 66.8 106.543
PRO 59 54.61 72.4 105.79
ALA 29 52.4467 72.81 111.317
PHE 28 59.86 74.46 107.1
MET 246 63.36 72.42 107.25
LEU 243 65.94 68.6733 108.833
ALA 242 63.7633 68.7867 103.553
frame 300: 
SER 66 61.8 64.41 103.43
ALA 63 57.6167 66.3467 106.577
PRO 59 54.24 72.21 106.18
ALA 29 52.4233 72.96 110.9
PHE 28 60.36 75.09 107.75
MET 246 63.25 72.64 107.56
LEU 243 66.0433 68.8967 109.377
ALA 242 63.6667 69.1567 103.273
frame 301: 
SER 66 61.95 63.96 103.85
ALA 63 57.3267 66.67 106.737
PRO 59 54.89 72.45 105.65
ALA 29 52.2433 73.1233 110.89
PHE 28 60.15 74.62 107.5
MET 246 63.3 72.77 107.05
LEU 243 65.76 68.7033 109.077
ALA 242 63.99 68.6633 103.533
