1 10.4166
2 9.72812
3 9.97461
4 10.1807
5 10.1125
6 10.2469
7 8.59692
8 9.85829
9 9.41572
10 10.7319
11 9.49663
12 9.15888
13 9.42612
14 10.1125
15 10.1025
16 9.66112
17 10.1529
18 10.1626
19 11.2346
20 10.7072
21 10.9461
22 9.67127
23 9.8756
24 10.1734
25 10.221
26 9.4653
27 10.1952
28 9.90014
29 10.2683
30 10.4308
31 9.12612
32 10.5032
33 10.0137
34 10.0298
35 10.3268
36 10.3501
37 10.399
38 10.1944
39 9.29569
40 10.3675
41 10.0175
42 9.40743
43 9.65531
44 11.4802
45 9.01941
46 10.2982
47 10.3169
48 8.69251
49 10.8614
50 10.8059
51 9.34696
52 10.2829
53 9.90805
54 9.18551
55 9.42137
56 9.53815
57 9.96182
58 8.48606
59 11.817
60 10.5059
61 9.46681
62 8.42786
63 11.0573
64 8.99695
65 10.0389
66 9.07945
67 10.253
68 9.92804
69 9.38147
70 10.996
71 9.52019
72 9.54132
73 9.47596
74 8.41106
75 10.495
76 10.9282
77 10.436
78 11.1224
79 10.6212
80 10.1993
81 9.1143
82 9.91374
83 10.1448
84 9.85738
85 9.38037
86 9.98444
87 9.55832
88 9.322
89 10.4787
90 8.64739
91 9.78665
92 10.2449
93 8.43346
94 9.45349
95 9.78547
96 9.12806
97 9.11644
98 9.78518
99 10.4826
100 8.57634
101 10.3359
102 9.88091
103 10.275
104 8.11589
105 10.4973
106 9.73238
107 10.7194
108 9.93779
109 9.7054
110 10.5866
111 9.72863
112 10.2984
113 11.897
114 11.0349
115 10.1865
116 10.3353
117 9.93769
118 11.0482
119 10.6161
120 11.0252
121 12.2257
122 10.6958
123 9.67939
124 10.9108
125 9.53373
126 11.5166
127 11.2553
128 11.2213
129 9.44857
130 10.4166
131 9.91757
132 9.54692
133 10.6393
134 10.7927
135 9.13163
136 10.0038
137 10.8663
138 11.9823
139 10.21
140 10.6448
141 10.7246
142 10.5903
143 11.1682
144 11.0244
145 10.2723
146 10.4523
147 10.2534
148 10.7703
149 10.9506
150 10.8018
151 11.2301
152 10.6493
153 9.83988
154 10.7088
155 10.3293
156 10.7136
157 8.97384
158 10.6149
159 10.1592
160 10.8028
161 10.0259
162 11.2257
163 8.23309
164 10.0168
165 10.2639
166 9.43518
167 9.16578
168 8.49868
169 7.96163
170 9.4178
171 8.97486
172 9.38249
173 7.38234
174 9.99835
175 9.33153
176 6.89181
177 8.14075
178 10.239
179 8.36799
180 7.85073
181 9.13046
182 8.11362
183 8.16809
184 8.29614
185 8.42565
186 6.92447
187 8.55957
188 8.49395
189 8.04602
190 9.50739
191 8.03281
192 8.84126
193 9.04458
194 9.10686
195 9.47237
196 9.37649
197 7.86979
198 9.62433
199 9.62334
200 8.77409
201 9.26448
202 8.96822
203 9.64159
204 10.3479
205 10.2617
206 11.2409
207 9.19235
208 8.93582
209 10.1614
210 10.0064
211 9.28229
212 8.89057
213 9.37669
214 8.77303
215 9.77064
216 8.33946
217 7.93602
218 9.81202
219 9.23165
220 7.85022
221 9.68753
222 10.7111
223 9.38452
224 9.17802
225 8.85365
226 8.44299
227 8.92175
228 9.66647
229 8.31768
230 7.70509
231 7.45598
232 8.87188
233 8.42101
234 8.85514
235 8.7957
236 8.16835
237 10.3436
238 8.7853
239 8.26519
240 7.54175
241 8.17444
242 7.68611
243 9.87193
244 9.46328
245 7.09825
246 7.39362
247 7.72072
248 9.86862
249 8.76368
250 7.33061
251 8.38349
252 8.81438
253 7.99742
254 8.89037
255 9.46732
256 8.29053
257 9.17186
258 9.47226
259 8.28646
260 9.35508
261 8.77215
262 8.88517
263 9.5435
264 8.43042
265 9.60704
266 8.72839
267 9.30976
268 9.72633
269 9.2323
270 9.01069
271 8.67492
272 8.60114
273 7.46761
274 8.18512
275 8.68703
276 8.26607
277 9.30887
278 9.48161
279 9.68256
280 10.3349
281 9.13142
282 9.74932
283 9.45872
284 8.89052
285 9.15941
286 8.09444
287 8.15755
288 7.10147
289 8.25916
290 7.85796
291 8.03539
292 9.13491
293 8.79342
294 8.40771
295 8.22986
296 8.3884
297 9.06732
298 7.49593
299 8.0946
300 9.23833
301 8.47088
