0 8.03557
1 8.41271
2 8.50014
3 9.67512
4 6.83649
5 8.41768
6 9.74078
7 8.86078
8 8.07044
9 6.81735
10 8.44144
11 8.04176
12 9.11524
13 8.09029
14 7.17527
15 7.99637
16 8.17558
17 7.68727
18 7.57068
19 9.68731
20 7.83015
21 6.71754
22 9.47943
23 9.07927
24 8.9446
25 8.98747
26 8.67353
27 8.86679
28 8.85842
29 9.15024
30 8.8622
31 8.52281
32 9.66926
33 10.0973
34 9.45127
35 8.75926
36 9.36947
37 7.50407
38 8.43959
39 7.97183
40 7.75821
41 8.37731
42 9.66962
43 8.7108
44 8.13148
45 7.59948
46 6.20958
47 7.48941
48 7.83744
49 7.81291
50 6.55168
51 7.81143
52 9.30454
53 9.2085
54 6.81471
55 9.01528
56 7.02249
57 7.63161
58 7.55977
59 8.61079
60 8.15559
