62 8.15277
63 7.76001
64 6.36588
65 7.33513
66 8.04336
67 7.89076
68 7.78609
69 7.11891
70 6.84099
71 8.43383
72 7.11315
73 8.74344
74 9.2996
75 7.86432
76 9.15096
77 8.83537
78 7.81973
79 7.65486
80 6.86203
81 9.10278
82 9.50618
83 8.13351
84 9.23617
85 10.1002
86 11.2865
87 9.49505
88 8.26364
89 8.82581
90 9.02055
91 9.30375
92 9.76455
93 8.96552
94 10.3975
95 9.48213
96 10.9972
97 9.96048
98 10.3202
99 10.1049
100 10.3631
101 10.403
102 9.83666
103 9.0965
104 9.55032
105 9.61416
106 9.75657
107 9.21875
108 9.89944
109 11.5728
110 11.1725
111 10.8677
112 10.8901
113 9.54884
114 10.337
115 8.75254
116 9.95519
117 8.81883
118 9.77125
119 10.0294
120 10.3207
121 9.93746
122 9.30242
123 9.74353
124 9.08422
125 10.3211
126 10.1325
127 10.0635
128 10.6059
129 8.29343
130 10.7124
131 10.7958
132 9.58547
133 9.24331
134 10.6953
135 9.55088
136 9.53138
137 11.1907
138 9.20454
139 9.77172
140 9.00354
141 10.2735
142 8.55686
143 10.1076
144 9.39377
145 9.84146
146 8.45612
147 10.0087
148 9.35152
149 8.82684
150 9.90801
151 10.9443
152 9.35758
153 10.0326
154 9.82865
155 10.7881
156 9.07695
157 10.1499
158 9.95325
159 11.2083
160 9.54488
161 6.99667
162 8.42816
163 8.2714
164 8.08823
165 9.02443
166 8.36578
167 8.47224
168 8.91574
169 8.58003
170 10.4796
171 8.54825
172 8.66439
173 8.82261
174 7.80648
175 9.31201
176 9.97401
177 10.3358
178 10.3354
179 10.7309
180 9.23222
181 8.78574
182 10.0035
