1 8.46978
2 9.59283
3 8.63433
4 9.86184
5 8.05784
6 8.31134
7 7.58424
8 7.10007
9 8.57306
10 7.55788
11 7.88006
12 8.32386
13 7.9753
14 7.23729
15 7.81063
16 8.46952
17 8.30942
18 7.28503
19 7.05701
20 8.49179
21 7.45116
22 7.54747
23 7.51762
24 8.12232
25 7.13988
26 8.10213
27 8.05525
28 7.51971
29 7.60161
30 8.46545
31 7.17778
32 6.90932
33 8.89348
34 8.15687
35 6.03049
36 6.49054
37 6.38465
38 7.05602
39 8.1266
40 6.24988
41 6.33904
42 6.14798
43 5.70229
44 6.28039
45 8.09
46 7.2066
47 8.27403
48 8.41236
49 9.31655
50 7.81245
51 8.43259
52 8.01798
53 8.77219
54 7.85435
55 8.77982
56 9.23935
57 9.05096
58 9.75543
59 8.48678
60 8.28208
61 8.71889
62 8.46978
63 9.59283
64 8.63433
65 9.86184
66 8.05784
67 8.31134
68 7.58424
69 7.10007
70 8.57306
71 7.55788
72 7.88006
73 8.32386
74 7.9753
75 7.23729
76 7.81063
77 8.46952
78 8.30942
79 7.28503
80 7.05701
81 8.49179
82 7.45116
83 7.54747
84 7.51762
85 8.12232
86 7.13988
87 8.10213
88 8.05525
89 7.51971
90 7.60161
91 8.46545
92 7.17778
93 6.90932
94 8.89348
95 8.15687
96 6.03049
97 6.49054
98 6.38465
99 7.05602
100 8.1266
101 6.24988
102 6.33904
103 6.14798
104 5.70229
105 6.28039
106 8.09
107 7.2066
108 8.27403
109 8.41236
110 9.31655
111 7.81245
112 8.43259
113 8.01798
114 8.77219
115 7.85435
116 8.77982
117 9.23935
118 9.05096
119 9.75543
120 8.48678
121 8.28208
122 8.71889
123 6.11169
124 7.84171
125 7.07945
126 7.86193
127 7.39857
128 7.82834
129 9.27135
130 8.31227
131 7.65595
132 8.69922
133 7.34054
134 7.84982
135 7.74411
136 7.264
137 6.21241
138 6.87132
139 7.80416
140 6.64106
141 7.29639
142 8.79156
143 7.2666
144 8.17156
145 7.72716
146 8.17698
147 8.80242
148 9.48053
149 8.50278
150 9.09025
151 8.28966
152 8.22053
153 9.98646
