62 8.46978
63 9.59283
64 8.63433
65 9.86184
66 8.05784
67 8.31134
68 7.58424
69 7.10007
70 8.57306
71 7.55788
72 7.88006
73 8.32386
74 7.9753
75 7.23729
76 7.81063
77 8.46952
78 8.30942
79 7.28503
80 7.05701
81 8.49179
82 7.45116
83 7.54747
84 7.51762
85 8.12232
86 7.13988
87 8.10213
88 8.05525
89 7.51971
90 7.60161
91 8.46545
92 7.17778
93 6.90932
94 8.89348
95 8.15687
96 6.03049
97 6.49054
98 6.38465
99 7.05602
100 8.1266
101 6.24988
102 6.33904
103 6.14798
104 5.70229
105 6.28039
106 8.09
107 7.2066
108 8.27403
109 8.41236
110 9.31655
111 7.81245
112 8.43259
113 8.01798
114 8.77219
115 7.85435
116 8.77982
117 9.23935
118 9.05096
119 9.75543
120 8.48678
121 8.28208
122 8.71889
