1 8.46978
2 9.2201
3 8.53017
4 7.08184
5 8.072
6 8.80021
7 8.37723
8 8.19679
9 8.24675
10 10.2685
11 8.54776
12 8.58999
13 8.85512
14 9.23575
15 8.96459
16 8.85531
17 8.44549
18 9.28788
19 8.35832
20 8.79771
21 7.98824
22 8.70422
23 9.29601
24 8.44912
25 7.74127
26 9.05891
27 8.27081
28 9.54128
29 8.17082
30 7.44448
31 8.40227
32 8.60142
33 8.76982
34 9.30626
35 8.40589
36 8.26684
37 10.6079
38 7.71482
39 8.53971
40 8.39133
41 8.10114
42 8.25051
43 8.22248
44 8.41937
45 9.11601
46 9.05142
47 8.02504
48 9.56945
49 8.38338
50 8.36557
51 8.19456
52 8.56287
53 9.10661
54 9.04593
55 8.91487
56 8.36094
57 8.20895
58 8.99368
59 8.7765
60 8.92607
61 9.49216
62 8.83495
63 9.3785
64 9.35113
65 8.81707
66 9.23134
67 8.70322
68 8.89696
69 9.52417
70 9.46797
71 8.11403
72 8.88479
73 8.9331
74 9.04951
75 8.618
76 10.8159
77 9.55393
78 9.5924
79 9.13167
80 9.27857
81 8.16574
82 8.80556
83 10.5202
84 9.78551
85 10.8415
86 10.3526
87 10.4705
88 8.66148
89 8.66774
90 9.3075
91 8.8098
92 9.44875
93 9.36298
94 8.26871
95 8.3648
96 8.76939
97 8.42589
98 9.10585
99 8.63585
100 9.61083
101 9.76166
102 9.59189
103 9.64673
104 9.65424
105 8.28742
106 9.61504
107 9.41008
108 8.68653
109 10.4112
110 8.97096
111 9.59844
112 8.40728
113 9.71176
114 8.53053
115 8.38965
116 7.96744
117 7.99577
118 9.64069
119 9.63757
120 7.86598
121 7.42629
122 9.43486
123 9.65594
124 8.90921
125 9.73009
126 9.17758
127 9.9437
128 10.5396
129 8.5677
130 9.25285
131 9.12712
132 8.99896
133 10.5839
134 9.15824
135 9.1107
136 9.59806
137 9.31713
138 7.83625
139 9.07299
140 8.2652
141 8.62842
142 8.65923
143 9.97209
144 9.60496
145 9.89397
146 10.0756
147 9.21389
148 9.80993
149 8.84138
150 10.1891
151 9.02811
152 9.47026
153 9.0411
154 10.2323
155 8.68275
156 9.16678
157 9.35863
158 9.37218
159 8.97386
160 8.32989
161 9.30497
162 9.09569
163 8.41024
164 8.08891
165 9.42285
166 8.34453
167 10.3252
168 9.83452
169 8.98933
170 8.13985
171 10.503
172 11.2464
173 9.4603
174 9.67989
175 9.1147
176 10.0586
177 8.9225
178 8.07945
179 9.6852
180 7.96086
181 9.84451
182 8.9626
183 8.51679
184 8.24747
185 10.235
186 9.11655
187 9.0478
188 8.52292
189 9.05115
190 8.94829
191 10.2283
192 9.29195
193 9.3362
194 9.83668
195 8.1911
196 9.46902
197 9.60414
198 10.1131
199 10.4858
200 9.31711
201 9.60873
202 8.01449
203 9.45368
204 8.68523
205 8.09996
206 8.29694
207 8.70818
208 8.58434
209 8.14606
210 9.13855
211 9.30076
212 8.94457
213 10.1065
214 7.85558
215 8.62671
216 7.72695
217 9.03023
218 8.38793
219 8.90869
220 8.00781
221 9.71723
222 9.06556
223 8.31989
224 7.18393
225 7.92371
226 8.71327
227 8.0309
228 8.25397
229 7.26629
230 7.70491
231 7.80419
232 8.19031
233 8.92172
234 8.99896
235 8.36146
236 8.53282
237 8.67404
238 8.43981
239 8.89999
240 8.51696
241 8.36749
242 8.24046
243 9.19029
244 8.67901
245 8.8062
246 9.16137
247 8.9649
248 8.67797
249 8.4999
250 8.84498
251 7.98535
252 10.4087
253 9.45823
254 9.17248
255 9.34411
256 10.1746
257 9.28714
258 8.72615
259 8.28243
260 10.047
261 8.48618
262 10.4031
263 9.2637
264 10.3581
265 9.0389
266 8.9592
267 8.74001
268 10.2259
269 8.508
270 8.41288
271 9.35492
272 9.1812
273 9.80152
274 9.33185
275 11.4321
276 9.41916
277 9.02602
278 7.86803
279 8.7671
280 9.73159
281 8.84972
282 9.29604
283 10.191
284 8.98489
285 9.02783
286 9.89352
287 10.5093
288 9.93131
289 8.49119
290 9.12128
291 8.42342
292 8.84005
293 9.60341
294 7.75082
295 8.82711
296 8.2418
297 8.43886
298 8.86347
299 8.17778
300 8.45938
301 10.2053
