1 12.943
2 12.727
3 12.7129
4 13.2218
5 13.4519
6 13.4145
7 12.8544
8 13.0634
9 13.1612
10 13.3917
11 13.2974
12 13.2583
13 13.972
14 12.2925
15 12.8477
16 13.9493
17 13.1324
18 12.6904
19 13.1873
20 14.1078
21 13.4021
22 13.3998
23 13.511
24 13.2067
25 13.192
26 13.3728
27 13.6163
28 13.2228
29 12.994
30 13.1285
31 13.5379
32 12.9726
33 13.3924
34 13.3882
35 13.7305
36 13.0534
37 13.4604
38 12.7935
39 12.7512
40 13.7347
41 14.1105
42 13.18
43 13.3593
44 13.1329
45 13.3908
46 12.9073
47 12.8556
48 13.1241
49 13.1532
50 12.1916
51 13.9354
52 12.8647
53 12.8106
54 13.3728
55 13.3041
56 12.7515
57 13.7434
58 13.4578
59 13.4821
60 13.235
61 12.7788
62 13.3193
63 12.8542
64 12.4244
65 12.7088
66 12.8225
67 13.5214
68 12.7856
69 12.6055
70 13.1386
71 13.194
72 13.3928
73 13.1291
74 12.6029
75 12.491
76 12.9418
77 12.1049
78 12.2006
79 11.4407
80 12.4284
81 11.9599
82 12.339
83 12.1891
84 12.2872
85 12.415
86 12.5146
87 13.0461
88 12.7782
89 12.9125
90 12.84
91 13.1076
92 12.9313
93 12.673
94 13.0203
95 13.1429
96 12.9256
97 13.1668
98 12.988
99 13.2725
100 13.0077
101 13.4944
102 13.4728
103 13.2486
104 12.8143
105 12.688
106 14.0889
107 13.7985
108 13.8964
109 13.2429
110 13.9116
111 13.1362
112 12.9843
113 13.071
114 13.444
115 12.3701
116 13.1177
117 12.96
118 13.2974
119 13.6535
120 13.3513
121 12.9331
122 13.2044
123 13.3486
124 14.0658
125 13.9483
126 13.6691
127 13.2503
128 12.2786
129 14.2719
130 13.2623
131 13.8202
132 12.8358
133 13.2864
134 13.6633
135 13.2086
136 12.3103
137 13.1067
138 12.8912
139 13.4655
140 12.6813
141 13.9735
142 12.3911
143 12.9601
144 12.9987
145 13.1611
146 12.9929
147 13.3627
148 12.977
149 13.3084
150 13.9193
151 13.3953
152 12.9611
153 13.0209
154 12.4468
155 13.8078
156 13.08
157 12.0218
158 13.1106
159 13.8147
160 13.1952
161 13.1011
162 13.3218
163 14.5029
164 13.8713
165 13.9495
166 13.1954
167 13.8456
168 13.6457
169 14.1116
170 13.811
171 13.552
172 13.3041
173 14.3126
174 14.2732
175 14.4969
176 13.5069
177 13.5475
178 13.7415
179 13.8585
180 13.4397
181 13.06
182 13.1656
183 13.6184
184 13.3425
185 13.5607
186 13.6303
187 13.3064
188 14.2953
189 13.5011
190 13.0105
191 13.3634
192 13.0527
193 13.7907
194 12.666
195 13.4044
196 13.5741
197 13.2936
198 14.4066
199 13.6076
200 14.1762
201 13.9075
202 13.7311
203 13.2722
204 13.4439
205 13.2431
206 13.6168
207 12.6897
208 13.0274
209 13.4237
210 14.1978
211 12.8323
212 12.8959
213 14.3294
214 13.4196
215 13.4992
216 13.818
217 13.2421
218 14.7349
219 13.8555
220 13.9806
221 14.5309
222 13.6765
223 12.9337
224 14.0362
225 13.4096
226 13.4315
227 14.5832
228 13.68
229 13.5496
230 14.0515
231 13.6149
232 13.9105
233 12.9197
234 14.1579
235 14.1976
236 13.8324
237 13.9553
238 14.6049
239 14.2803
240 14.6562
241 13.7019
242 13.5691
243 14.1091
244 13.9562
245 13.6129
246 13.7313
247 13.9631
248 13.7796
249 13.4145
250 14.2209
251 14.2993
252 13.2153
253 13.3648
254 14.0518
255 13.779
256 13.7882
257 14.0196
258 15.4749
259 14.001
260 14.5125
261 13.9721
262 13.3134
263 13.3808
264 13.3912
265 13.8781
266 13.4154
267 14.0038
268 13.7674
269 13.4614
270 14.333
271 13.1343
272 13.7243
273 13.5373
274 14.0918
275 12.9423
276 13.151
277 13.4928
278 13.9049
279 14.4139
280 13.5001
281 14.179
282 13.5019
283 13.6011
284 13.8904
285 13.7267
286 14.0424
287 13.4565
288 14.1183
289 14.189
290 13.7918
291 13.4546
292 13.3348
293 13.777
294 13.6563
295 13.7914
296 13.5023
297 14.0719
298 14.1846
299 14.3015
300 14.1085
301 14.5603
