1 14.5603
2 13.6895
3 14.0353
4 13.9546
5 13.8434
6 13.9277
7 13.9127
8 14.8404
9 14.5853
10 13.786
11 14.3383
12 14.1538
13 14.3587
14 13.8379
15 14.4518
16 14.0093
17 14.3198
18 13.4632
19 14.1746
20 13.6948
21 13.5459
22 14.2483
23 13.626
24 14.4265
25 14.4097
26 14.7208
27 14.6291
28 15.2678
29 14.5921
30 13.7132
31 13.9205
32 13.7695
33 14.0454
34 15.2426
35 14.1358
36 13.77
37 14.9262
38 14.6089
39 14.1013
40 14.1207
41 13.8969
42 14.4241
43 14.3175
44 13.1617
45 14.7627
46 13.7165
47 13.4299
48 13.6219
49 14.1053
50 13.8026
51 13.9022
52 14.6161
53 13.8924
54 13.829
55 13.766
56 14.3828
57 14.0886
58 14.2823
59 13.6459
60 13.493
61 14.5208
62 14.1662
63 14.1704
64 14.0595
65 13.8902
66 14.1218
67 13.6349
68 14.1896
69 14.3842
70 14.6869
71 13.8977
72 13.7529
73 13.7241
74 13.289
75 13.4517
76 13.8375
77 13.864
78 13.2714
79 14.1155
80 14.0593
81 13.4372
82 13.4415
83 12.8307
84 13.5559
85 13.2642
86 13.1698
87 13.3693
88 13.4539
89 14.2578
90 14.459
91 14.0065
92 12.9177
93 13.4883
94 14.2551
95 13.7976
96 13.864
97 13.6143
98 14.0546
99 13.8198
100 13.5444
101 13.2975
102 13.6286
103 13.2578
104 13.7409
105 13.8104
106 12.5121
107 13.5662
108 12.7979
109 12.8137
110 13.378
111 13.0507
112 12.4491
113 13.3945
114 12.846
115 13.2955
116 13.6025
117 13.624
118 13.5001
119 13.9457
120 13.3397
121 13.6857
122 15.078
123 14.4533
124 13.6445
125 14.0527
126 13.8539
127 13.148
128 12.952
129 13.4445
130 13.9912
131 13.3091
132 13.6905
133 13.7551
134 13.1463
135 13.5775
136 13.3712
137 14.3451
138 13.046
139 13.3507
140 13.1327
141 13.996
142 13.3651
143 12.8898
144 13.2025
145 13.5351
146 12.9112
147 13.3515
148 13.6427
149 12.8586
150 14.0921
151 12.4824
152 13.0258
153 13.7472
154 13.6376
155 12.8113
156 13.2424
157 13.5026
158 13.5369
159 13.3176
160 13.3988
161 13.2272
162 13.448
163 13.4292
164 13.0405
165 13.2867
166 12.9277
167 13.7278
168 13.3461
169 12.9929
170 14.0361
171 13.7409
172 12.9326
173 13.6715
174 13.1148
175 12.9916
176 12.8493
177 13.1717
178 13.7922
179 13.3266
180 13.3797
181 13.773
182 13.4884
183 14.0393
184 13.2097
185 14.5436
186 14.0399
187 14.0125
188 13.4861
189 13.1006
190 13.647
191 13.6371
192 13.5107
193 13.7148
194 13.2961
195 12.4637
196 13.9087
197 13.5807
198 13.1323
199 13.479
200 12.1473
201 12.9829
202 13.3709
203 13.4201
204 12.9211
205 13.539
206 13.7863
207 14.093
208 13.2853
209 13.8928
210 13.7358
211 12.61
212 13.0125
213 14.3523
214 13.2885
215 14.232
216 13.8181
217 14.1381
218 12.7355
219 13.1877
220 13.0903
221 13.6349
222 13.3942
223 14.484
224 13.815
225 13.2008
226 13.9535
227 14.3665
228 13.9127
229 13.6929
230 14.2172
231 13.8392
232 12.754
233 14.2042
234 13.7192
235 12.7628
236 12.7635
237 13.78
238 13.0866
239 14.2006
240 12.844
241 13.5518
242 13.362
243 13.7895
244 13.3869
245 12.832
246 12.9679
247 13.2431
248 12.9024
249 13.8432
250 12.7897
251 13.436
252 13.9483
253 13.1128
254 13.6488
255 12.9253
256 13.1923
257 13.4999
258 13.1762
259 12.6404
260 13.9031
261 13.1574
262 13.3305
263 13.136
264 14.0494
265 13.345
266 13.8392
267 13.7825
268 12.9841
269 12.804
270 13.597
271 12.998
272 13.4552
273 13.8461
274 12.8936
275 13.3924
276 12.9448
277 12.6714
278 12.906
279 13.3996
280 13.0466
281 13.964
282 12.7536
283 13.0811
284 12.1249
285 12.8575
286 13.9414
287 13.3435
288 13.6858
289 13.9736
290 13.7919
291 13.6076
292 13.5194
293 13.5072
294 12.8412
295 14.1319
296 13.2322
297 13.3358
298 12.7792
299 13.6285
300 13.2813
301 13.7373
