1 14.0809
2 14.7251
3 13.6891
4 14.0169
5 14.3579
6 13.9157
7 13.9959
8 14.9027
9 13.8915
10 14.1956
11 14.4224
12 13.0585
13 13.6268
14 14.4139
15 14.6388
16 13.6274
17 14.7982
18 14.2874
19 14.9001
20 14.0399
21 13.3825
22 14.6523
23 14.3811
24 13.8303
25 14.5156
26 15.2923
27 14.044
28 14.2429
29 14.431
30 12.9071
31 13.3781
32 12.6245
33 13.7451
34 13.5292
35 12.6904
36 13.1815
37 13.2673
38 12.4796
39 13.0154
40 12.3275
41 13.7953
42 13.322
43 12.9161
44 13.9069
45 12.733
46 13.1511
47 13.5456
48 15.0254
49 17.4672
50 16.553
51 15.968
52 16.6857
53 15.1928
54 15.8328
55 16.5552
56 16.7604
57 16.8368
58 16.227
59 16.952
60 17.5043
61 16.4955
62 63 64 65 66 67 68 69 70 71 72 73 74 75 76 77 78 79 80 81 82 83 84 85 86 87 88 89 90 91 92 93 94 95 96 97 98 99 100 101 102 103 104 105 106 107 108 109 110 111 112 113 114 115 116 117 118 119 120 121 122 123 124 125 126 127 128 129 130 131 132 133 134 135 136 137 138 139 140 141 142 143 144 145 146 147 148 149 150 151 152 153 154 155 156 157 158 159 160 161 162 163 164 165 166 167 168 169 170 171 172 173 174 175 176 177 178 179 180 181 182 183 184 185 186 187 188 189 190 191 192 193 194 195 196 197 198 199 200 201 202 203 204 205 206 207 208 209 210 211 212 213 214 215 216 217 218 219 220 221 222 223 224 225 226 227 228 229 230 231 232 233 234 235 236 237 238 239 240 241 242 243 244 245 246 247 248 249 250 251 252 253 254 255 256 257 258 259 260 261 262 263 264 265 266 267 268 269 270 271 272 273 274 275 276 277 278 279 280 281 282 283 284 285 286 287 288 289 290 291 292 293 294 295 296 297 298 299 300 301 302 14.0809
303 14.7251
304 13.6891
305 14.0169
306 14.3579
307 13.9157
308 13.9959
309 14.9027
310 13.8915
311 14.1956
312 14.4224
313 13.0585
314 13.6268
315 14.4139
316 14.6388
317 13.6274
318 14.7982
319 14.2874
320 14.9001
321 14.0399
322 13.3825
323 14.6523
324 14.3811
325 13.8303
326 14.5156
327 15.2923
328 14.044
329 14.2429
330 14.431
331 12.9071
332 13.3781
333 12.6245
334 13.7451
335 13.5292
336 12.6904
337 13.1815
338 13.2673
339 12.4796
340 13.0154
341 12.3275
342 13.7953
343 13.322
344 12.9161
345 13.9069
346 12.733
347 13.1511
348 13.5456
349 15.0254
350 17.4672
351 16.553
352 15.968
353 16.6857
354 15.1928
355 15.8328
356 16.5552
357 16.7604
358 16.8368
359 16.227
360 16.952
361 17.5043
362 14.0809
363 14.7251
364 13.6891
365 14.0169
366 14.3579
367 13.9157
368 13.9959
369 14.9027
370 13.8915
371 14.1956
372 14.4224
373 13.0585
374 13.6268
375 14.4139
376 14.6388
377 13.6274
378 14.7982
379 14.2874
380 14.9001
381 14.0399
382 13.3825
383 14.6523
384 14.3811
385 13.8303
386 14.5156
387 15.2923
388 14.044
389 14.2429
390 14.431
391 12.9071
392 13.3781
393 12.6245
394 13.7451
395 13.5292
396 12.6904
397 13.1815
398 13.2673
399 12.4796
400 13.0154
401 12.3275
402 13.7953
403 13.322
404 12.9161
405 13.9069
406 12.733
407 13.1511
408 13.5456
409 15.0254
410 17.4672
411 16.553
412 15.968
413 16.6857
414 15.1928
415 15.8328
416 16.5552
417 16.7604
418 16.8368
419 16.227
420 16.952
421 17.5043
422 16.4955
