1 11.7897
2 10.7581
3 11.5749
4 10.7873
5 10.1742
6 11.7743
7 10.5194
8 11.4346
9 11.3474
10 13.0119
11 10.366
12 11.4442
13 10.899
14 12.6827
15 11.4387
16 11.7054
17 12.4311
18 11.1693
19 11.4259
20 10.3497
21 11.5131
22 11.5513
23 12.1251
24 12.9412
25 11.6684
26 10.9808
27 12.0933
28 10.6034
29 11.5869
30 12.7035
31 12.7867
32 11.463
33 11.62
34 13.3032
35 10.6798
36 9.67562
37 9.21955
38 10.9685
39 9.44907
40 8.63215
41 9.77023
42 9.98166
43 10.6802
44 9.56622
45 7.94195
46 6.60345
47 7.06617
48 7.91433
49 6.84537
50 6.45951
51 5.64288
52 6.7278
53 7.38816
54 7.19651
55 9.57789
56 7.03313
57 7.48328
58 8.31634
59 7.34047
60 7.01731
