1 10.4166
2 10.7933
3 10.0049
4 11.0305
5 10.6648
6 10.3269
7 11.1789
8 10.9261
9 10.4705
10 10.358
11 10.6425
12 10.3906
13 9.77187
14 10.2031
15 10.4123
16 8.57187
17 11.2383
18 10.5477
19 9.82061
20 9.64714
21 9.73035
22 10.5695
23 10.5367
24 9.65337
25 10.4359
26 9.97354
27 10.4817
28 8.95476
29 9.27387
30 9.74488
31 9.43822
32 10.2197
33 10.7942
34 11.3797
35 10.7241
36 10.75
37 10.7261
38 7.89489
39 8.93513
40 9.03473
41 9.42604
42 8.91918
43 7.65106
44 11.3769
45 10.7787
46 10.2684
47 9.44178
48 9.47294
49 12.0271
50 10.0273
51 9.73116
52 12.259
53 11.7647
54 10.4122
55 8.43136
56 10.6954
57 7.65225
58 7.92578
59 7.14161
60 6.87529
61 9.23024
62 63 64 65 66 67 68 69 70 71 72 73 74 75 76 77 78 79 80 81 82 83 84 85 86 87 88 89 90 91 92 93 94 95 96 97 98 99 100 101 102 103 104 105 106 107 108 109 110 111 112 113 114 115 116 117 118 119 120 121 122 123 124 125 126 127 128 129 130 131 132 133 134 135 136 137 138 139 140 141 142 143 144 145 146 147 148 149 150 151 152 153 154 155 156 157 158 159 160 161 162 163 164 165 166 167 168 169 170 171 172 173 174 175 176 177 178 179 180 181 182 183 184 185 186 187 188 189 190 191 192 193 194 195 196 197 198 199 200 201 202 203 204 205 206 207 208 209 210 211 212 213 214 215 216 217 218 219 220 221 222 223 224 225 226 227 228 229 230 231 232 233 234 235 236 237 238 239 240 241 242 243 244 245 246 247 248 249 250 251 252 253 254 255 256 257 258 259 260 261 262 263 264 265 266 267 268 269 270 271 272 273 274 275 276 277 278 279 280 281 282 283 284 285 286 287 288 289 290 291 292 293 294 295 296 297 298 299 300 301 302 10.4166
303 10.7933
304 10.0049
305 11.0305
306 10.6648
307 10.3269
308 11.1789
309 10.9261
310 10.4705
311 10.358
312 10.6425
313 10.3906
314 9.77187
315 10.2031
316 10.4123
317 8.57187
318 11.2383
319 10.5477
320 9.82061
321 9.64714
322 9.73035
323 10.5695
324 10.5367
325 9.65337
326 10.4359
327 9.97354
328 10.4817
329 8.95476
330 9.27387
331 9.74488
332 9.43822
333 10.2197
334 10.7942
335 11.3797
336 10.7241
337 10.75
338 10.7261
339 7.89489
340 8.93513
341 9.03473
342 9.42604
343 8.91918
344 7.65106
345 11.3769
346 10.7787
347 10.2684
348 9.44178
349 9.47294
350 12.0271
351 10.0273
352 9.73116
353 12.259
354 11.7647
355 10.4122
356 8.43136
357 10.6954
358 7.65225
359 7.92578
360 7.14161
361 6.87529
362 10.4166
363 10.7933
364 10.0049
365 11.0305
366 10.6648
367 10.3269
368 11.1789
369 10.9261
370 10.4705
371 10.358
372 10.6425
373 10.3906
374 9.77187
375 10.2031
376 10.4123
377 8.57187
378 11.2383
379 10.5477
380 9.82061
381 9.64714
382 9.73035
383 10.5695
384 10.5367
385 9.65337
386 10.4359
387 9.97354
388 10.4817
389 8.95476
390 9.27387
391 9.74488
392 9.43822
393 10.2197
394 10.7942
395 11.3797
396 10.7241
397 10.75
398 10.7261
399 7.89489
400 8.93513
401 9.03473
402 9.42604
403 8.91918
404 7.65106
405 11.3769
406 10.7787
407 10.2684
408 9.44178
409 9.47294
410 12.0271
411 10.0273
412 9.73116
413 12.259
414 11.7647
415 10.4122
416 8.43136
417 10.6954
418 7.65225
419 7.92578
420 7.14161
421 6.87529
422 9.23024
