1 8.46978
2 9.49997
3 8.6068
4 9.06645
5 9.16676
6 8.59061
7 9.99914
8 8.65068
9 9.50556
10 8.79515
11 9.1096
12 8.75267
13 8.46763
14 8.85255
15 9.37734
16 10.2437
17 9.41017
18 9.76469
19 8.41318
20 10.4719
21 9.17148
22 9.74858
23 9.345
24 9.07855
25 9.0076
26 8.94512
27 9.24132
28 8.21745
29 8.43439
30 9.49295
31 8.91798
32 9.01629
33 9.10006
34 9.46895
35 9.07373
36 8.21046
37 9.35998
38 8.93578
39 9.32311
40 8.92156
41 9.33831
42 8.92958
43 8.4173
44 8.80953
45 9.3115
46 9.2549
47 8.95265
48 8.39958
49 8.73715
50 9.41926
51 9.91356
52 8.75577
53 9.31705
54 9.62794
55 9.68231
56 9.84734
57 8.28867
58 9.68564
59 8.97411
60 9.38576
61 9.18545
62 8.1695
63 8.33781
64 8.9961
65 9.09274
66 9.23319
67 9.15523
68 9.8136
69 8.73756
70 9.36425
71 8.59273
72 8.0067
73 9.07595
74 9.6274
75 8.63283
76 8.58879
77 7.46074
78 8.27266
79 8.29322
80 7.94618
81 7.73941
82 7.80166
83 8.88987
84 9.27773
85 8.12321
86 7.95617
87 8.54194
88 8.03838
89 7.72847
90 9.01791
91 8.01227
92 8.64318
93 8.41229
94 9.18958
95 9.43133
96 9.3846
97 8.93725
98 8.69839
99 8.96869
100 9.03964
101 8.60436
102 8.24954
103 8.16149
104 8.15226
105 8.24789
106 8.89439
107 8.61231
108 8.38626
109 8.08002
110 7.90906
111 8.32729
112 8.2644
113 7.85699
114 9.06202
115 8.49744
116 8.97209
117 7.86515
118 9.91809
119 9.13898
120 7.41727
121 7.81826
122 9.61593
123 8.92998
124 8.06504
125 8.89053
126 7.73356
127 8.50493
128 7.73645
129 8.42106
130 8.56371
131 9.46204
132 9.52417
133 8.99433
134 9.6817
135 9.52503
136 9.25744
137 9.29652
138 8.84437
139 8.01363
140 8.42189
141 9.19392
142 9.67155
143 8.6496
144 9.22535
145 8.323
146 10.016
147 9.56233
148 9.58269
149 10.359
150 8.27503
151 8.55985
152 8.85967
153 10.7878
154 9.56104
155 8.75803
156 8.24319
157 8.80829
158 9.36556
159 8.38916
160 9.19535
161 9.08217
162 9.42157
163 9.61192
164 8.91326
165 9.30833
166 9.32095
167 9.15192
168 9.47906
169 8.73628
170 9.43679
171 9.11402
172 9.98332
173 9.24253
174 8.69707
175 8.96241
176 9.02844
177 9.84387
178 8.83414
179 9.49375
180 8.33416
181 8.94388
182 9.07518
183 8.98246
184 8.2103
185 8.79935
186 7.55494
187 8.56461
188 8.59246
189 8.49874
190 8.13611
191 8.44964
192 8.5739
193 7.8844
194 7.98055
195 9.4218
196 7.56346
197 8.28881
198 8.84479
199 7.70383
200 7.8455
201 8.61841
202 8.3991
203 8.01031
204 8.33838
205 8.49107
206 7.64522
207 8.14399
208 8.5218
209 8.5209
210 7.69647
211 7.7186
212 8.34638
213 8.10403
214 6.9959
215 8.05389
216 8.29131
217 7.71577
218 8.16003
219 8.42207
220 7.86211
221 8.82008
222 8.13162
223 8.39306
224 7.87059
225 7.95244
226 8.14387
227 8.12947
228 8.43697
229 7.36686
230 8.28551
231 7.82332
232 8.33368
233 8.48306
234 7.73781
235 6.98492
236 7.8991
237 8.12983
238 7.81022
239 8.42438
240 8.62769
241 8.16386
