1 8.46978
2 9.59283
3 8.63433
4 9.86184
5 8.05784
6 8.31134
7 7.58424
8 7.10007
9 8.57306
10 7.55788
11 7.88006
12 8.32386
13 7.9753
14 7.23729
15 7.81063
16 8.46952
17 8.30942
18 7.28503
19 7.05701
20 8.49179
21 7.45116
22 7.54747
23 7.51762
24 8.12232
25 7.13988
26 8.10213
27 8.05525
28 7.51971
29 7.60161
30 8.46545
31 7.17778
32 6.90932
33 8.89348
34 8.15687
35 6.03049
36 6.49054
37 6.38465
38 7.05602
39 8.1266
40 6.24988
41 6.33904
42 6.14798
43 5.70229
44 6.28039
45 8.09
46 7.2066
47 8.27403
48 8.41236
49 9.31655
50 7.81245
51 8.43259
52 8.01798
53 8.77219
54 7.85435
55 8.77982
56 9.23935
57 9.05096
58 9.75543
59 8.48678
60 8.28208
61 8.71889
