217 11.7897
218 10.7581
219 11.5749
220 10.7873
221 10.1742
222 11.7743
223 10.5194
224 11.4346
225 11.3474
226 13.0119
227 10.366
228 11.4442
229 10.899
230 12.6827
231 11.4387
232 11.7054
233 12.4311
234 11.1693
235 11.4259
236 10.3497
237 11.5131
238 11.5513
239 12.1251
240 12.9412
241 11.6684
242 10.9808
243 12.0933
244 10.6034
245 11.5869
246 12.7035
247 12.7867
248 11.463
249 11.62
250 13.3032
251 10.6798
252 9.67562
253 9.21955
254 10.9685
255 9.44907
256 8.63215
257 9.77023
258 9.98166
259 10.6802
260 9.56622
261 7.94195
262 6.60345
263 7.06617
264 7.91433
265 6.84537
266 6.45951
267 5.64288
268 6.7278
269 7.38816
270 7.19651
271 9.57789
272 7.03313
273 7.48328
274 8.31634
275 7.34047
276 7.01731
277 6.6492
