frame 1: 
SER 66 61.95 63.96 103.85
ALA 63 57.33 66.67 106.737
PRO 59 54.89 72.45 105.65
ALA 29 52.2433 73.1233 110.89
PHE 28 60.15 74.62 107.5
MET 246 63.3 72.77 107.05
LEU 243 65.76 68.7033 109.077
ALA 242 63.99 68.6633 103.533
frame 2: 
SER 66 61.16 64.53 103.23
ALA 63 57.3533 66.6267 106.247
PRO 59 54.56 72.38 105.29
ALA 29 52.8433 73.05 111.173
PHE 28 60.22 75.28 107.63
MET 246 63.27 72.81 107.48
LEU 243 66.09 68.8633 109.303
ALA 242 63.6033 69.0533 103.713
frame 3: 
SER 66 61.94 64.34 103.65
ALA 63 56.8433 66.4433 106.68
PRO 59 54.23 71.91 106.3
ALA 29 52.9633 73.55 111.337
PHE 28 59.13 74.65 107.11
MET 246 63.68 72.88 107.58
LEU 243 66.69 68.32 109.433
ALA 242 63.7333 68.72 103.743
frame 4: 
SER 66 61.54 64.37 103.47
ALA 63 57.9833 66.9867 106.45
PRO 59 54.86 73.01 105.18
ALA 29 53.0267 72.71 111.747
PHE 28 59.36 73.88 107.31
MET 246 63.91 72.85 107.62
LEU 243 65.7267 68.5433 108.867
ALA 242 63.8267 69.2233 103.627
frame 5: 
SER 66 61.64 64.89 103.13
ALA 63 57.4933 66.43 106.54
PRO 59 54.57 72.21 105.8
ALA 29 52.6833 73.3033 111.003
PHE 28 59.42 74.24 107.21
MET 246 63.48 73.03 107.36
LEU 243 65.6367 69.0967 108.997
ALA 242 63.72 69.05 103.81
frame 6: 
SER 66 60.76 64.6 103.22
ALA 63 56.68 66.31 106.42
PRO 59 54.28 71.93 105.88
ALA 29 52.38 73.2267 110.823
PHE 28 60.08 74.4 107.08
MET 246 63.77 72.5 107.55
LEU 243 66.0933 68.7233 109.213
ALA 242 63.6633 68.6033 104.093
frame 7: 
SER 66 60.72 64.21 103.94
ALA 63 56.8767 65.8433 106.597
PRO 59 54.64 71.9 105.94
ALA 29 52.6467 73.2067 111.433
PHE 28 59.21 73.87 107.15
MET 246 63.34 72.99 107.68
LEU 243 66.4067 68.4833 109.197
ALA 242 63.94 68.7133 104.663
frame 8: 
SER 66 61.31 63.81 103.56
ALA 63 57.02 65.8933 106.727
PRO 59 54.87 71.74 105.3
ALA 29 51.64 72.9367 112.167
PHE 28 58.4 73.88 107.95
MET 246 62.43 73.12 107.55
LEU 243 65.55 68.7567 109.323
ALA 242 63.3433 69.1667 103.857
frame 9: 
SER 66 61.06 64.22 103.26
ALA 63 57.6067 66.1833 106.42
PRO 59 54.7 71.63 105.61
ALA 29 52.15 73.26 111.297
PHE 28 58.31 74.29 107.76
MET 246 63.77 72.37 107.44
LEU 243 65.9 68.6867 109.42
ALA 242 63.7767 68.42 103.94
frame 10: 
SER 66 60.96 63.99 103.88
ALA 63 56.7167 65.8867 106.897
PRO 59 54.27 72.51 105.44
ALA 29 52.1267 72.84 110.923
PHE 28 60.34 75.37 108.44
MET 246 63.05 73.07 107.37
LEU 243 65.1467 68.8767 108.817
ALA 242 63.3433 69.21 103.777
frame 11: 
SER 66 60.6 64.63 103.63
ALA 63 56.76 66.4233 106.55
PRO 59 54.62 72.09 105.2
ALA 29 52.1367 73.2467 111.483
PHE 28 59.47 74.43 107.82
MET 246 63.24 72.79 107.04
LEU 243 65.0867 68.9033 108.66
ALA 242 63.31 69.07 103.527
frame 12: 
SER 66 60.95 63.82 103.19
ALA 63 56.3133 66.5867 106.193
PRO 59 54.04 71.94 105.76
ALA 29 52.19 73.2867 111.187
PHE 28 59.12 74.64 107.22
MET 246 63.3 72.37 107.56
LEU 243 65.7967 68.3533 109.13
ALA 242 63.4433 68.8467 103.84
frame 13: 
SER 66 61.37 63.79 103.77
ALA 63 57.2833 66.05 107.003
PRO 59 53.67 72.08 106.13
ALA 29 52.55 73.32 111.9
PHE 28 59.73 74.48 108.17
MET 246 63.09 72.27 107.4
LEU 243 64.81 68.4867 108.56
ALA 242 63.25 68.2667 103.767
frame 14: 
SER 66 61.4 64.03 103.48
ALA 63 57.2933 66.9633 105.973
PRO 59 53.95 72.21 105.95
ALA 29 52.3167 72.6833 111.08
PHE 28 60.47 75.25 108.53
MET 246 63.22 72.64 107.46
LEU 243 65.42 68.26 109
ALA 242 63.3433 69.31 103.43
frame 15: 
SER 66 61.51 64.09 103.63
ALA 63 57.35 66.3667 106.777
PRO 59 55 71.51 106.32
ALA 29 52.13 73.39 111.71
PHE 28 59.59 74.97 107.93
MET 246 63.5 72.89 107.34
LEU 243 65.9067 68.3 108.523
ALA 242 63.4433 69.15 103.78
frame 16: 
SER 66 60.42 63.68 104.29
ALA 63 56.4433 66.1167 106.827
PRO 59 53.52 71.71 106.19
ALA 29 52.62 73.2767 111.713
PHE 28 59.46 74.33 108.19
MET 246 63.87 72.53 108.09
LEU 243 65.9833 68.7733 109.82
ALA 242 63.6767 68.63 104.473
frame 17: 
SER 66 60.71 63.94 103.85
ALA 63 56.9567 66.4733 106.273
PRO 59 54.32 71.33 105.83
ALA 29 52.1667 72.98 111.05
PHE 28 59.63 74.36 107.68
MET 246 63.74 72.46 107.26
LEU 243 65.6233 68.5767 108.663
ALA 242 63.6433 68.7333 103.613
frame 18: 
SER 66 60.28 63.95 103.68
ALA 63 56.3067 65.8767 106.52
PRO 59 53.68 71.27 106.34
ALA 29 52.1067 72.58 111.097
PHE 28 59.42 74.6 107.21
MET 246 62.34 72.47 107.49
LEU 243 64.6867 68.6367 108.987
ALA 242 62.6533 68.8967 103.583
frame 19: 
SER 66 60.58 63.6 103.83
ALA 63 56.2433 65.99 106.427
PRO 59 54.12 71.61 105.5
ALA 29 52.0033 72.7067 111.66
PHE 28 59.8 73.3 108.37
MET 246 62.78 72.23 107.8
LEU 243 65.8633 67.9733 109.253
ALA 242 63.31 68.4267 104.26
frame 20: 
SER 66 60.55 64 102.99
ALA 63 56.3967 65.6133 106.15
PRO 59 53.73 70.74 105.71
ALA 29 52.0633 72.1033 111.707
PHE 28 59.37 73.76 107.63
MET 246 62.68 72.37 107.64
LEU 243 65.6067 67.6767 109.28
ALA 242 62.79 68.28 104.1
frame 21: 
SER 66 60.93 63.44 103.45
ALA 63 56.7933 65.5767 106.617
PRO 59 54.43 71.28 105.17
ALA 29 52.5767 72.5767 111.61
PHE 28 58.32 73.28 108.08
MET 246 63.28 72.19 107.22
LEU 243 65.0233 67.7533 108.843
ALA 242 62.92 68.1433 104.07
frame 22: 
SER 66 60.43 63.8 103.4
ALA 63 56.1967 65.5133 106.56
PRO 59 53.97 70.83 106.09
ALA 29 52.0567 72.6867 111.67
PHE 28 59 73.68 107.66
MET 246 62.61 72.57 107.23
LEU 243 65.6167 68.2867 109.297
ALA 242 63.24 68.1433 104.1
frame 23: 
SER 66 61.21 63.76 103.53
ALA 63 56.3367 65.93 106.32
PRO 59 53.7 71.23 105.6
ALA 29 52.1033 72.47 110.767
PHE 28 59.67 74.56 107.23
MET 246 62.6 72.8 106.85
LEU 243 64.1933 68.59 109.01
ALA 242 62.8267 68.6267 103.29
frame 24: 
SER 66 60.8 63.46 104.08
ALA 63 56.5767 66.1767 106.43
PRO 59 53.71 71.28 105.85
ALA 29 51.93 72.5833 111.57
PHE 28 59.12 74.15 107.59
MET 246 63.41 72.52 107.49
LEU 243 65.35 69.0333 108.897
ALA 242 63.4233 68.8867 103.673
frame 25: 
SER 66 60.46 63.87 103.49
ALA 63 56.1167 65.9867 106.14
PRO 59 53.4 71.18 106.19
ALA 29 51.7533 72.5 111.973
PHE 28 58.5 73.1 108.05
MET 246 62.58 72.2 107.27
LEU 243 64.9333 68.05 109.193
ALA 242 63.02 68.5533 103.903
frame 26: 
SER 66 60.29 63.9 103.7
ALA 63 56.41 65.6667 106.303
PRO 59 53.24 71.3 106.06
ALA 29 51.8067 71.86 111.797
PHE 28 59.37 74.14 107.53
MET 246 63.25 72.3 106.77
LEU 243 65.2067 68.7633 108.983
ALA 242 63.4833 68.2767 103.58
frame 27: 
SER 66 60.49 63.52 103.59
ALA 63 56.4433 65.8633 106.373
PRO 59 53.48 70.43 106.48
ALA 29 51.5367 71.8433 111.32
PHE 28 58.9 73.68 107.5
MET 246 62.62 72.3 106.92
LEU 243 65.1667 68.0867 109.17
ALA 242 63.3867 68.6033 103.377
frame 28: 
SER 66 60.3 63.26 104.11
ALA 63 55.82 65.4867 106.497
PRO 59 53.78 70.3 106.44
ALA 29 51.8467 72.5733 112.153
PHE 28 59.58 73.99 108.64
MET 246 63.19 72.02 107.48
LEU 243 65.8167 68.08 108.773
ALA 242 63.8033 68.4867 103.583
frame 29: 
SER 66 61.08 62.76 103.94
ALA 63 56.25 66.0367 106.057
PRO 59 53.82 70.6 105.95
ALA 29 51.82 72.1767 111.75
PHE 28 59.11 73.51 107.71
MET 246 63.74 71.88 107.86
LEU 243 66.57 67.7933 109.233
ALA 242 63.4533 68.3767 103.803
frame 30: 
SER 66 61.28 63.11 103.14
ALA 63 57.2967 65.37 106.367
PRO 59 53.81 70.88 106.52
ALA 29 52.67 71.47 110.747
PHE 28 59.64 72.4 107.08
MET 246 64.2 71.53 107.75
LEU 243 65.9267 67.6633 109.433
ALA 242 63.9 68.19 103.593
frame 31: 
SER 66 61.04 63.33 103.54
ALA 63 56.91 65.7467 106.437
PRO 59 54.34 70.54 105.93
ALA 29 52.6233 71.69 111.47
PHE 28 59.27 73.76 107.34
MET 246 63.39 71.74 107.33
LEU 243 65.4167 67.62 109.14
ALA 242 63.6533 68.1233 103.763
frame 32: 
SER 66 61.33 63.43 103.87
ALA 63 56.68 65.0033 106.54
PRO 59 53.62 70.63 106.11
ALA 29 52.76 71.48 111.513
PHE 28 60.01 72.83 107.82
MET 246 63.45 71.45 107.68
LEU 243 65.5233 67.6233 108.787
ALA 242 63.65 68.0933 103.797
frame 33: 
SER 66 61.51 63.22 103.43
ALA 63 56.78 65.6267 106.347
PRO 59 53.86 70.84 105.81
ALA 29 52.6267 71.9433 111.537
PHE 28 60.44 73.41 108.06
MET 246 63.94 71.91 107.38
LEU 243 65.6933 67.8233 108.633
ALA 242 63.66 68.7667 103.447
frame 34: 
SER 66 61.98 63.43 103.37
ALA 63 57.1 65.05 106.62
PRO 59 54.11 70.14 106.11
ALA 29 51.82 71.7933 111.7
PHE 28 59.26 74.05 107.59
MET 246 62.83 72.1 107.13
LEU 243 65.6 67.9767 109.04
ALA 242 63.8433 68.1533 103.067
frame 35: 
SER 66 61.49 62.94 103.01
ALA 63 56.8467 64.88 106.14
PRO 59 54.39 70.44 105.74
ALA 29 52.34 71.3533 111.027
PHE 28 59.39 72.8 107.35
MET 246 63.66 71.41 107.45
LEU 243 65.6533 67.84 109.053
ALA 242 63.73 67.7567 103.467
frame 36: 
SER 66 61.76 62.63 103.16
ALA 63 57.5 65.1267 105.937
PRO 59 54.14 70.09 106.45
ALA 29 52.83 71.3467 111.523
PHE 28 60.02 72.7 108.09
MET 246 63.77 71.49 107.43
LEU 243 66.6033 67.86 109.463
ALA 242 63.8067 67.9667 103.927
frame 37: 
SER 66 61.23 62.99 103.19
ALA 63 56.9433 64.82 106.087
PRO 59 54.72 70.4 105.44
ALA 29 52.2033 71.6567 112.16
PHE 28 60.16 74.73 108.08
MET 246 63.2 71.94 107.62
LEU 243 65.9267 67.9433 109.513
ALA 242 64.1433 67.9633 104
frame 38: 
SER 66 61.63 62.94 103.47
ALA 63 57.06 65.8633 105.947
PRO 59 53.67 70.59 106.19
ALA 29 52.19 71.7967 111.463
PHE 28 59.33 73.09 107.41
MET 246 62.54 71.85 106.91
LEU 243 65.5167 67.6867 108.903
ALA 242 63.5167 67.9933 103.057
frame 39: 
SER 66 61.07 62.37 103.63
ALA 63 56.5233 65.2667 106.147
PRO 59 54.15 70.55 106.11
ALA 29 52.4767 71.7633 111.637
PHE 28 59.74 72.93 108.11
MET 246 62.74 71.33 107.12
LEU 243 65.2967 67.8767 109.36
ALA 242 63.4067 67.69 103.713
frame 40: 
SER 66 60.83 62.32 103.46
ALA 63 56.92 64.83 106.31
PRO 59 54.36 70.34 105.9
ALA 29 52.6733 71.5633 111.737
PHE 28 58.97 72.77 108.09
MET 246 63.21 71.35 107.78
LEU 243 65.3767 67.64 109.227
ALA 242 63.6967 67.89 103.713
frame 41: 
SER 66 61.29 63.22 103.31
ALA 63 57.21 64.6467 106.547
PRO 59 54.45 70.77 106.08
ALA 29 52.6633 71.8733 111.247
PHE 28 59.24 72.33 108.12
MET 246 63.53 71.76 107.36
LEU 243 65.3967 68.1967 109.42
ALA 242 63.6733 68.1533 103.627
frame 42: 
SER 66 61.19 63.11 103.65
ALA 63 57.18 65.41 106.263
PRO 59 54.43 70.5 105.99
ALA 29 52.4033 72.1967 111.517
PHE 28 59.24 73.24 107.85
MET 246 63.2 72.21 107.13
LEU 243 65.6933 68.0033 109.33
ALA 242 63.7733 68.48 103.457
frame 43: 
SER 66 61.34 62.59 103.69
ALA 63 57.7633 65.2133 106.51
PRO 59 54.47 70.63 105.8
ALA 29 52.1167 72.2367 111.45
PHE 28 59.65 73.1 107.87
MET 246 63.57 71.72 108.03
LEU 243 66.0167 67.7067 110.023
ALA 242 63.73 67.85 104.317
frame 44: 
SER 66 61.26 63.07 103.93
ALA 63 57.0267 65.2867 106.497
PRO 59 54.62 70.94 105.64
ALA 29 52.91 72.0333 111.18
PHE 28 59.78 73.08 108.1
MET 246 63.09 72.2 107.54
LEU 243 65.7767 67.9233 109.593
ALA 242 63.4633 68.4533 104.177
frame 45: 
SER 66 61.51 62.99 103.56
ALA 63 56.9667 65.4067 106.44
PRO 59 54.04 70.45 106.36
ALA 29 52.1333 71.9533 112.027
PHE 28 60.28 73.67 108.4
MET 246 63.64 71.98 107.52
LEU 243 65.91 68.1767 109.82
ALA 242 63.9 67.86 104.107
frame 46: 
SER 66 61.48 63.31 102.73
ALA 63 57.6333 65.4567 106.277
PRO 59 54.39 70.68 106.4
ALA 29 52.6133 72.1267 111.433
PHE 28 59.57 74.1 108.14
MET 246 63.33 71.93 108.04
LEU 243 65.2633 67.7633 109.533
ALA 242 63.6533 68.1633 104.323
frame 47: 
SER 66 62.36 63.46 103.24
ALA 63 56.9867 65.4 106.87
PRO 59 53.98 70.84 106.57
ALA 29 53.1433 71.8933 111.73
PHE 28 59.47 72.95 107.98
MET 246 63.4 72.16 107.75
LEU 243 65.3333 67.4067 108.88
ALA 242 63.6067 68.2233 104.153
frame 48: 
SER 66 61.66 63.24 103.33
ALA 63 57.2967 65.7467 106.487
PRO 59 54.43 70.98 106.31
ALA 29 52.6533 72.3433 110.943
PHE 28 59.64 74.93 107.81
MET 246 63.23 72.29 107.39
LEU 243 64.5367 68.2867 108.94
ALA 242 63.34 68.6567 103.343
frame 49: 
SER 66 61.75 63.78 103.02
ALA 63 57.13 66.3767 106.56
PRO 59 53.66 70.71 106.67
ALA 29 52.5433 72.4667 110.88
PHE 28 59.95 74.15 107.94
MET 246 63.86 71.93 107.47
LEU 243 65.4433 68.1767 109.297
ALA 242 63.7767 68.49 103.333
frame 50: 
SER 66 63.06 63.74 101.54
ALA 63 56.3233 66.1967 106.95
PRO 59 53.53 71.79 105.95
ALA 29 52.49 71.6867 111.033
PHE 28 60.14 73.58 107.9
MET 246 62.75 72.5 107.22
LEU 243 64.9233 68.2367 109.153
ALA 242 63.4833 68.3267 103.393
frame 51: 
SER 66 62.35 63.74 102.79
ALA 63 56.1067 66.3367 107.07
PRO 59 53.03 70.92 106.63
ALA 29 52.54 72.3533 111.243
PHE 28 59.95 73.55 107.66
MET 246 63.04 71.9 107.58
LEU 243 65.9333 67.62 109.153
ALA 242 63.6367 68.2067 103.967
frame 52: 
SER 66 62.82 62.77 102.65
ALA 63 56.7067 65.9567 106.697
PRO 59 53.8 70.96 106.56
ALA 29 51.63 72.1267 112.07
PHE 28 59 74.1 108.02
MET 246 62.9 72.14 107.63
LEU 243 65.4067 68.0367 109.12
ALA 242 62.9267 68.7733 103.423
frame 53: 
SER 66 61.78 63.56 103.06
ALA 63 56.65 65.8867 106.73
PRO 59 53.79 71.15 106.95
ALA 29 52.5867 72.1833 111.703
PHE 28 59.47 74.42 108.2
MET 246 63.14 72.23 107.57
LEU 243 65.1633 67.91 109.207
ALA 242 63.5533 68.6967 103.92
frame 54: 
SER 66 61.26 63.67 103.53
ALA 63 56.85 65.6267 106.627
PRO 59 53.53 71.35 106.09
ALA 29 52.2367 72.6933 111.25
PHE 28 59.46 74.18 107.99
MET 246 62.6 72.41 107.59
LEU 243 65.1533 67.92 109.557
ALA 242 63.2133 68.7367 103.827
frame 55: 
SER 66 61.76 63.87 102.48
ALA 63 56.7233 65.8467 106.24
PRO 59 54.34 71.18 106.01
ALA 29 52.4267 72.03 111.55
PHE 28 59.42 74.19 107.85
MET 246 62.9 72.1 107.83
LEU 243 65.81 68.1933 109.63
ALA 242 63.1933 68.4667 103.747
frame 56: 
SER 66 61.89 63.6 102.99
ALA 63 56.62 65.9533 106.377
PRO 59 53.94 71.03 106.32
ALA 29 51.8867 72.5167 111.63
PHE 28 59.45 73.7 107.75
MET 246 63.08 72.02 107.66
LEU 243 65.04 68.52 109.227
ALA 242 63.16 69.0533 103.397
frame 57: 
SER 66 61.35 63.94 103.19
ALA 63 57.0533 66.4133 105.867
PRO 59 54.22 71.43 106.19
ALA 29 52.1933 72.7767 111.353
PHE 28 59.18 74.09 107.85
MET 246 62.65 72.37 107.58
LEU 243 64.8933 68.5767 109.523
ALA 242 63.1667 68.6633 103.533
frame 58: 
SER 66 61.22 62.23 104.07
ALA 63 56.55 65.53 106.737
PRO 59 53.81 70.89 106.16
ALA 29 51.6767 72.27 111.517
PHE 28 59.01 74.12 107.76
MET 246 62.47 72.64 107.57
LEU 243 64.5933 68.73 109.223
ALA 242 62.9767 68.75 103.523
frame 59: 
SER 66 61.34 63.41 103.13
ALA 63 56.9833 66.0933 106.513
PRO 59 54.14 71.18 106.1
ALA 29 52.3367 72.3467 111.38
PHE 28 59.6 74.28 108.29
MET 246 62.75 72.32 108.18
LEU 243 64.45 68.17 109.47
ALA 242 63.0067 68.21 103.947
frame 60: 
SER 66 61.08 63.83 103.49
ALA 63 56.7633 65.3467 106.873
PRO 59 53.9 70.56 106.13
ALA 29 52.2467 72.2467 111.63
PHE 28 59.12 73.92 107.66
MET 246 62.21 72.48 107.67
LEU 243 65.11 67.4033 109.193
ALA 242 62.5433 68.8633 103.593
frame 61: 
SER 66 61.48 63.91 103.88
ALA 63 57.1467 65.5533 107.18
PRO 59 54.05 71.57 106.49
ALA 29 52.0333 72.41 112.167
PHE 28 59.65 74.66 108.13
MET 246 62.92 72.87 107.32
LEU 243 64.8533 68.6767 109.79
ALA 242 63.4433 68.86 103.917
frame 62: 
SER 66 61.69 63.94 103.37
ALA 63 57.03 65.25 106.947
PRO 59 53.38 71.01 106.94
ALA 29 52.1333 72.3733 112.253
PHE 28 59.17 73.68 108.5
MET 246 62.91 72.35 108.19
LEU 243 64.8667 68.8367 109.767
ALA 242 62.76 68.62 103.67
frame 63: 
SER 66 61.23 63.59 104.03
ALA 63 56.4633 65.5167 106.81
PRO 59 53.6 70.69 106.98
ALA 29 51.99 72.25 111.53
PHE 28 60.01 74.05 108.41
MET 246 63.17 72.19 108.04
LEU 243 65.4467 68.25 109.883
ALA 242 63.5167 68.52 104.18
frame 64: 
SER 66 60.79 63.57 103.91
ALA 63 56.54 65.1467 107.173
PRO 59 53.66 71.04 107.15
ALA 29 51.9033 72.5833 111.387
PHE 28 59.06 74.12 107.93
MET 246 62.72 72.32 107.58
LEU 243 64.99 68.43 109.64
ALA 242 63.1333 68.91 103.767
frame 65: 
SER 66 61.37 63.19 103.93
ALA 63 56.8533 65.78 106.583
PRO 59 53.44 71.01 106.55
ALA 29 52.0033 72.9467 111.9
PHE 28 58.23 74.32 108.29
MET 246 62.58 72.47 107.87
LEU 243 64.69 68.6067 109.94
ALA 242 62.68 68.71 104.09
frame 66: 
SER 66 61.13 63.14 104.11
ALA 63 56.1467 65.4 106.83
PRO 59 53.31 70.64 107.27
ALA 29 51.9533 72.3667 111.577
PHE 28 59.19 74.06 107.81
MET 246 62.7 72.3 108.17
LEU 243 64.6867 68.1767 109.457
ALA 242 63.3733 68.4767 104.237
frame 67: 
SER 66 61.12 63.66 103.65
ALA 63 56.45 65.7867 106.97
PRO 59 52.71 70.31 107.26
ALA 29 52.06 72.9167 111.717
PHE 28 59.82 73.7 108.3
MET 246 63.34 72.25 108.43
LEU 243 64.6533 68.7167 109.55
ALA 242 62.7867 68.6867 104.44
frame 68: 
SER 66 60.13 64.04 103.69
ALA 63 56.4367 65.2667 106.803
PRO 59 51.76 69.87 107.16
ALA 29 51.18 72.88 111.973
PHE 28 58.81 73.72 108.24
MET 246 62.89 72.79 108.08
LEU 243 64.3567 68.2733 108.96
ALA 242 62.69 68.9633 104.657
frame 69: 
SER 66 60.2 63.93 103.3
ALA 63 55.9467 65.7567 106.613
PRO 59 51.96 70.6 107.14
ALA 29 51.5733 72.9133 111.853
PHE 28 59.21 74.52 108.42
MET 246 62.66 72.36 107.9
LEU 243 64.93 68.1433 109.59
ALA 242 62.8733 68.7567 103.983
frame 70: 
SER 66 60.82 63.46 103.46
ALA 63 56.1133 65.4267 106.647
PRO 59 52.16 70.11 107.06
ALA 29 51.5867 72.97 111.877
PHE 28 58.98 74.36 107.92
MET 246 62.92 72.32 107.55
LEU 243 64.8933 68.5733 109.763
ALA 242 63.01 68.5867 103.753
frame 71: 
SER 66 61.04 63.8 103.7
ALA 63 56.5267 65.9667 106.833
PRO 59 52.87 70.85 106.92
ALA 29 52.11 72.8033 111.47
PHE 28 59.57 73.24 108.75
MET 246 63.22 72.2 107.98
LEU 243 65.4667 68.02 109.223
ALA 242 63.4733 68.6733 104.617
frame 72: 
SER 66 61.04 62.32 103.86
ALA 63 56.93 65.7467 106.613
PRO 59 53.8 70.98 106.7
ALA 29 52.1233 72.7867 112.017
PHE 28 59.19 74.17 108.31
MET 246 62.4 72.9 107.68
LEU 243 64.5833 68.38 109.683
ALA 242 62.9133 68.9133 104.42
frame 73: 
SER 66 60.78 62.89 104.29
ALA 63 56.5233 65.71 106.74
PRO 59 53.78 70.7 107.31
ALA 29 52.46 72.5 112.19
PHE 28 59.68 73.94 108.19
MET 246 62.66 72.4 107.36
LEU 243 65.1833 67.8933 109.103
ALA 242 62.7633 68.8367 103.897
frame 74: 
SER 66 61.26 62.79 103.77
ALA 63 56.3967 66.03 106.3
PRO 59 53.47 70.72 106.9
ALA 29 52.11 72.5967 111.623
PHE 28 58.91 74.52 108.17
MET 246 63.02 72.63 107.98
LEU 243 65.08 68.5833 109.703
ALA 242 62.7333 69.03 104.48
frame 75: 
SER 66 60.4 61.98 103.7
ALA 63 56.0167 65.4267 106.4
PRO 59 52.6 70.12 107.09
ALA 29 52.7833 72.5433 112.183
PHE 28 59.02 73.24 108.45
MET 246 62.53 72.86 107.89
LEU 243 64.7733 67.8333 109.11
ALA 242 63.0533 68.6233 104.43
frame 76: 
SER 66 61.63 62.74 103.92
ALA 63 56.8833 65.6067 106.737
PRO 59 54.22 71.3 106.88
ALA 29 52.3933 72.73 111.403
PHE 28 59.55 75.92 108.61
MET 246 63.24 72.86 108.13
LEU 243 65.8167 67.79 109.823
ALA 242 63.41 68.7933 104.013
frame 77: 
SER 66 61.55 63.63 103.29
ALA 63 56.5133 65.57 106.687
PRO 59 53.71 70.66 106.87
ALA 29 52.39 72.7033 112.05
PHE 28 60.09 74.26 108.41
MET 246 62.62 72.98 108.09
LEU 243 65.6333 68.9067 110.093
ALA 242 63.1533 68.73 104.267
frame 78: 
SER 66 61.01 63.2 103.99
ALA 63 56.5167 66.1467 106.513
PRO 59 53.73 70.95 106.69
ALA 29 52.6633 73.39 111.42
PHE 28 58.29 75.5 107.69
MET 246 62.6 72.71 107.97
LEU 243 65.5233 68.67 110.14
ALA 242 63.0367 68.8933 104.47
frame 79: 
SER 66 61.57 63.31 103.78
ALA 63 56.5633 65.67 106.593
PRO 59 53.8 71.35 107.04
ALA 29 52.5267 72.9033 111.853
PHE 28 59.46 74.21 108.03
MET 246 63.01 72.69 107.88
LEU 243 65.7867 68.04 109.713
ALA 242 63.6633 68.57 104.34
frame 80: 
SER 66 61.03 64.78 104.1
ALA 63 56.1267 66.14 106.47
PRO 59 52.95 71.09 106.53
ALA 29 52.41 72.91 111.783
PHE 28 59.46 74.67 107.96
MET 246 62.68 72.77 107.83
LEU 243 65.3733 68.56 109.92
ALA 242 63.4533 68.6967 104.17
frame 81: 
SER 66 61.46 64.46 103.77
ALA 63 56.71 66.3733 106.187
PRO 59 53.63 71.28 106.33
ALA 29 52.8067 72.2967 111.83
PHE 28 59.63 73.82 107.83
MET 246 63.41 72.44 107.93
LEU 243 65.1667 68.2467 109.363
ALA 242 63.2633 68.5667 104.26
frame 82: 
SER 66 60.9 63.37 103.33
ALA 63 56.18 66.0333 106.067
PRO 59 53.4 70.81 105.98
ALA 29 52.4933 72.48 111.463
PHE 28 59.17 74.18 107.56
MET 246 62.91 72.91 107.69
LEU 243 65.11 68.13 109.76
ALA 242 63.34 68.7167 104.473
frame 83: 
SER 66 60.72 63.48 103.18
ALA 63 56.3767 65.3733 106.107
PRO 59 53.24 70.32 106.41
ALA 29 52.57 72.57 110.763
PHE 28 60.69 74.48 109.13
MET 246 63.28 72.4 108.3
LEU 243 65.8667 68.21 109.897
ALA 242 63.1333 68.9733 104.43
frame 84: 
SER 66 60.62 63.82 103.34
ALA 63 56.57 65.5533 106.78
PRO 59 53.78 70.5 107.09
ALA 29 52.59 72.9267 111.673
PHE 28 60.39 74.41 108.43
MET 246 63.34 72.73 107.98
LEU 243 64.6667 68.63 109.557
ALA 242 63.1767 69.32 104.013
frame 85: 
SER 66 60.91 63.28 103.05
ALA 63 56.3733 65.42 106.187
PRO 59 53.58 70.22 106.58
ALA 29 53.0167 72.4833 111.75
PHE 28 60.2 75.25 108.69
MET 246 63.17 72.48 108.1
LEU 243 65.1933 68.1067 109.593
ALA 242 63.3867 68.7167 104.387
frame 86: 
SER 66 60.98 63.91 102.71
ALA 63 56.2267 65.2033 106.23
PRO 59 53.5 70.61 106.96
ALA 29 52.7633 72.3267 111.517
PHE 28 59.92 74.7 108.06
MET 246 62.83 72.45 108.11
LEU 243 64.79 68.64 109.697
ALA 242 63.25 68.6733 104.437
frame 87: 
SER 66 60.72 64.05 103.64
ALA 63 56.01 65.4467 106.473
PRO 59 53.79 70.68 107.13
ALA 29 52.7833 72.83 111.64
PHE 28 60.03 74.85 108.72
MET 246 63.02 72.77 107.48
LEU 243 65.08 68.2267 108.86
ALA 242 63.0767 69.1567 103.94
frame 88: 
SER 66 60.88 63.89 104.15
ALA 63 56.4567 65.4633 106.863
PRO 59 53.82 70.66 106.73
ALA 29 52.8867 72.2867 112.32
PHE 28 59.69 73.39 108.18
MET 246 63.09 71.95 108.2
LEU 243 64.6967 68.12 109.587
ALA 242 63.0267 68.8167 104.187
frame 89: 
SER 66 61.35 63.41 103.34
ALA 63 57.0033 65.5 106.287
PRO 59 54.27 70.5 106.12
ALA 29 51.85 72.7767 111.623
PHE 28 59.1 73.76 107.87
MET 246 62.45 72.7 107.83
LEU 243 65.1133 68.3167 109.873
ALA 242 63.2967 68.4433 104.31
frame 90: 
SER 66 60.65 63.6 103.78
ALA 63 56.1667 65.3833 106.503
PRO 59 54.06 70.69 106.01
ALA 29 52.3933 72.58 111.857
PHE 28 59.47 73.98 107.85
MET 246 63.58 71.94 107.62
LEU 243 64.9967 68.2767 109.257
ALA 242 63.43 68.55 103.43
frame 91: 
SER 66 61.38 63.84 103.33
ALA 63 56.44 65.4833 106.363
PRO 59 54.14 70.48 106.1
ALA 29 52.31 72.8767 111.333
PHE 28 59.73 73.39 108.43
MET 246 62.85 72.1 108
LEU 243 65.64 68.3667 110.27
ALA 242 63.4767 68.1733 104.307
frame 92: 
SER 66 60.55 63.21 103.39
ALA 63 56.45 64.6967 106.417
PRO 59 54.61 69.93 106.25
ALA 29 53.4433 72.27 111.127
PHE 28 59.31 73.6 107.77
MET 246 63.53 72.13 107.33
LEU 243 65.92 68.4133 109.557
ALA 242 63.7967 68.6933 104.28
frame 93: 
SER 66 60.91 63.15 103.22
ALA 63 56.6767 65.04 106.163
PRO 59 54.53 70.33 106.03
ALA 29 52.58 72.3 111.89
PHE 28 59.49 73.88 107.43
MET 246 63.11 72.2 107.86
LEU 243 64.9 68.2767 109.43
ALA 242 63.0333 68.8233 104.107
frame 94: 
SER 66 60.96 63.08 103.41
ALA 63 57.09 65.1533 106.103
PRO 59 54.57 70.67 105.67
ALA 29 52.2033 72.5467 111.62
PHE 28 59.04 73.05 107.59
MET 246 62.98 71.93 107.97
LEU 243 65.76 67.7633 109.933
ALA 242 63.54 67.98 104.283
frame 95: 
SER 66 60.73 63.96 103.04
ALA 63 56.3767 65.28 106.393
PRO 59 53.96 70.42 106.71
ALA 29 52.7667 72.97 112
PHE 28 58.49 73.23 107.91
MET 246 62.08 72.93 106.75
LEU 243 64.7033 68.8767 109.097
ALA 242 63.24 68.7267 104.083
frame 96: 
SER 66 60.88 62.98 103.88
ALA 63 56.94 65.11 106.793
PRO 59 54.59 70.85 106.54
ALA 29 52.6167 72.3833 111.997
PHE 28 59.32 73.45 108.09
MET 246 62.74 72.25 107.8
LEU 243 65.5133 68.57 109.71
ALA 242 63.51 68.01 104.62
frame 97: 
SER 66 60.9 63.98 103.29
ALA 63 56.3667 65.3667 106.47
PRO 59 54.3 70.44 106.29
ALA 29 52.9067 72.71 111.65
PHE 28 59.32 73.09 108.09
MET 246 63.44 71.89 107.98
LEU 243 65.8233 67.69 109.683
ALA 242 63.4033 68.2633 104.207
frame 98: 
SER 66 60.48 63.79 103.54
ALA 63 56.3933 65.5367 106.32
PRO 59 53.76 69.97 106.39
ALA 29 52.1967 72.35 111.82
PHE 28 59.83 73.59 108.82
MET 246 63 72.22 107.64
LEU 243 64.46 68.2367 109.09
ALA 242 63.0633 68.4667 103.797
frame 99: 
SER 66 60.56 63.68 103.81
ALA 63 56.4867 65.0567 106.81
PRO 59 54.62 70.45 106.89
ALA 29 52.6467 72.7367 112.503
PHE 28 59.37 73.05 108.35
MET 246 62.62 72.31 108.16
LEU 243 65.0267 68.6567 109.86
ALA 242 63.21 68.7433 104.537
frame 100: 
SER 66 59.87 63.98 102.84
ALA 63 56.5533 64.8767 106.217
PRO 59 53.23 69.83 107.11
ALA 29 53.0933 72.5067 112.13
PHE 28 59.56 73.75 108.36
MET 246 63.1 72.73 108.22
LEU 243 65.2433 68.3467 109.883
ALA 242 63.5633 68.4733 104.543
frame 101: 
SER 66 60.61 63.07 103.17
ALA 63 55.9867 64.73 106.59
PRO 59 53.71 70.34 107.18
ALA 29 52.6667 72.4467 111.59
PHE 28 60.24 73.36 108.24
MET 246 62.55 72.77 108.24
LEU 243 64.7267 68.0733 109.28
ALA 242 63.18 68.8467 104.287
frame 102: 
SER 66 60.36 63.56 103.39
ALA 63 55.9467 64.95 106.357
PRO 59 54.34 70.47 106.78
ALA 29 52.2367 72.3733 111.943
PHE 28 59.67 73.63 108.03
MET 246 62.74 72.47 108.08
LEU 243 65.1067 68.2933 110.177
ALA 242 62.9967 68.6767 104.44
frame 103: 
SER 66 60.63 62.86 103.38
ALA 63 56.3567 65.0633 106.97
PRO 59 53.59 70.34 107.08
ALA 29 53.1633 73.25 111.947
PHE 28 59.85 73.91 108.58
MET 246 62.85 72.63 108.38
LEU 243 64.89 68.99 110.003
ALA 242 62.8567 68.9867 103.97
frame 104: 
SER 66 60.41 63.5 103.92
ALA 63 55.97 64.8833 106.577
PRO 59 53.96 70.97 106.47
ALA 29 52.8533 72.4033 112.563
PHE 28 59.97 73.36 108.89
MET 246 62.45 72.86 108.17
LEU 243 65.8567 69.21 110.143
ALA 242 63.34 69.12 104.313
frame 105: 
SER 66 60.46 63.66 103.61
ALA 63 55.8033 65.31 106.73
PRO 59 51.54 70.08 107.7
ALA 29 52.4267 72.4733 112.17
PHE 28 58.86 72.77 108.65
MET 246 62.27 72.7 107.44
LEU 243 64.6733 68.6833 109.27
ALA 242 62.9933 68.9233 104.017
frame 106: 
SER 66 60.29 64.21 103.71
ALA 63 55.97 65.6133 106.693
PRO 59 53.14 70.85 106.9
ALA 29 53.5567 72.3933 112.04
PHE 28 59.68 74.22 108.84
MET 246 62.8 73.15 108.21
LEU 243 65.5033 69.29 110.017
ALA 242 62.9133 69.3767 104.3
frame 107: 
SER 66 60.75 62.76 104.18
ALA 63 56.1967 65.3967 106.503
PRO 59 53.59 70.43 106.84
ALA 29 52.56 72.25 112.143
PHE 28 59.96 73.75 108.65
MET 246 63.37 72.7 108.1
LEU 243 65.5367 68.7333 109.713
ALA 242 63.31 69.4467 104.357
frame 108: 
SER 66 60.84 63.26 103.89
ALA 63 56.5167 65.0367 106.61
PRO 59 52.23 69.78 107.03
ALA 29 53.5067 72.52 111.927
PHE 28 59.6 72.91 108.6
MET 246 63.56 72.15 108.55
LEU 243 65.55 68.4567 110.11
ALA 242 63.16 69.0667 104.267
frame 109: 
SER 66 60.93 63.41 103.67
ALA 63 56.31 64.6367 106.64
PRO 59 52.62 70.61 107.24
ALA 29 53.1267 72.58 111.687
PHE 28 60.25 74 108.92
MET 246 62.73 72.58 108.13
LEU 243 66.4433 68.5567 110
ALA 242 62.9133 69.27 104.107
frame 110: 
SER 66 60.44 63.92 103.85
ALA 63 56.4667 65.43 107.017
PRO 59 52.52 70.15 107.84
ALA 29 53.06 72.53 111.74
PHE 28 59.76 73.55 108.94
MET 246 63.4 72.61 108.09
LEU 243 65.8733 68.7333 109.68
ALA 242 63.5933 69.3433 104.133
frame 111: 
SER 66 59.82 63.77 103.53
ALA 63 56.0233 65.4 106.917
PRO 59 52.08 70.27 107.35
ALA 29 52.7933 72.2533 111.59
PHE 28 59.63 74.22 108.07
MET 246 63.04 72.62 108.15
LEU 243 65.0667 69.04 109.703
ALA 242 63.1167 69.2233 104.203
frame 112: 
SER 66 60.4 63.97 103.31
ALA 63 56.6 65.7167 106.56
PRO 59 53.82 70.95 107.17
ALA 29 53.5467 72.0533 111.3
PHE 28 59.87 73.14 108.77
MET 246 64.07 72.29 108.47
LEU 243 65.3867 68.4467 109.88
ALA 242 63.5433 68.93 104.57
frame 113: 
SER 66 60.35 63.76 103.88
ALA 63 55.8433 65.1933 107.16
PRO 59 52.91 70.42 107.78
ALA 29 52.63 73.1567 111.757
PHE 28 58.94 74.35 108.1
MET 246 63.37 72.89 107.95
LEU 243 65.26 69.0033 109.777
ALA 242 63.1867 69.25 104.497
frame 114: 
SER 66 60.01 63.77 103.91
ALA 63 55.97 65.4367 107.26
PRO 59 53.77 71.35 107.46
ALA 29 53.4967 72.8167 111.547
PHE 28 58.5 73.54 108.1
MET 246 63.3 72.86 107.94
LEU 243 64.9533 69.2933 110.143
ALA 242 63.37 69.05 104.243
frame 115: 
SER 66 60.27 63.62 103.74
ALA 63 57.0567 65.7333 106.837
PRO 59 54.38 71.21 107.32
ALA 29 53.21 72.43 112.077
PHE 28 59.13 73.73 108.3
MET 246 63.64 72.55 108.53
LEU 243 65.25 68.7733 109.727
ALA 242 63.7033 68.8833 104.723
frame 116: 
SER 66 60.99 63.91 103.64
ALA 63 56.8167 65.63 106.933
PRO 59 54.09 71.17 107.21
ALA 29 53.0467 72.9533 112.507
PHE 28 58.73 73.22 108.42
MET 246 62.52 73.02 107.95
LEU 243 65.23 68.9933 110.083
ALA 242 63.2533 69.1333 104.367
frame 117: 
SER 66 60.99 63.72 104.4
ALA 63 56.47 66.0033 107.35
PRO 59 53.46 71.52 107.39
ALA 29 52.8067 72.4367 111.847
PHE 28 59.35 73.35 108.64
MET 246 63.45 72.49 108.33
LEU 243 65.73 68.9233 110.083
ALA 242 63.8767 68.9333 104.72
frame 118: 
SER 66 61.05 63.97 103.86
ALA 63 57.2467 65.7167 107.197
PRO 59 54.61 71.1 107.21
ALA 29 52.8067 72.56 112.27
PHE 28 59.73 74.9 108.76
MET 246 62.99 72.58 108.4
LEU 243 65.67 68.1933 109.597
ALA 242 63.4433 69.1167 104.703
frame 119: 
SER 66 60.75 64.09 103.83
ALA 63 56.71 65.2067 107.09
PRO 59 54.23 71.08 107.59
ALA 29 52.4233 73.0533 112.157
PHE 28 60.07 73.96 109.32
MET 246 62.46 73.27 108.34
LEU 243 65.6067 68.3867 110.56
ALA 242 63.7867 68.76 105.307
frame 120: 
SER 66 60.74 63.88 104.2
ALA 63 56.7567 66.2533 106.877
PRO 59 54.07 71.39 107.15
ALA 29 53.1667 72.8133 112.387
PHE 28 59.81 73.11 109.23
MET 246 63.28 72.71 107.98
LEU 243 65.7633 68.84 110.133
ALA 242 63.2467 69.1667 104.447
frame 121: 
SER 66 61.22 64.34 104.25
ALA 63 56.61 66.7633 106.763
PRO 59 53.77 71.51 107.25
ALA 29 52.7333 72.7 111.89
PHE 28 58.68 73.63 108.69
MET 246 62.68 72.99 107.4
LEU 243 65.2767 68.84 109.88
ALA 242 63.3167 69.2533 103.927
frame 122: 
SER 66 60.46 63.95 104.2
ALA 63 56.4167 65.41 107.557
PRO 59 54.1 71.23 107.22
ALA 29 51.7933 72.61 113.18
PHE 28 59.01 74.38 108.91
MET 246 62.69 72.52 107.9
LEU 243 65.19 68.2633 109.383
ALA 242 63.2633 69.0333 104.07
frame 123: 
SER 66 60.56 64.92 104.16
ALA 63 55.93 66.5133 107.05
PRO 59 52.72 71.05 107.53
ALA 29 52.3267 73.0667 112.693
PHE 28 60.4 74.79 109.23
MET 246 62.93 72.78 108.14
LEU 243 66.1 69.1033 110.387
ALA 242 63.4367 69.12 104.333
frame 124: 
SER 66 60.59 64.16 103.92
ALA 63 56.3867 65.8267 107.11
PRO 59 52.48 70.81 107.85
ALA 29 52.1933 73.0467 112.35
PHE 28 59.4 73.86 109.51
MET 246 62.71 73.21 108.36
LEU 243 65.22 69.4667 110.41
ALA 242 62.86 69.4267 104.65
frame 125: 
SER 66 60.45 64.16 104.44
ALA 63 55.6767 65.63 107.43
PRO 59 52.45 70.44 107.66
ALA 29 52.5967 73.0267 112.697
PHE 28 59.49 74.36 109.41
MET 246 62.19 73.39 108.37
LEU 243 64.7133 68.71 110.033
ALA 242 63.07 69.2167 104.137
frame 126: 
SER 66 60.01 63.91 104.66
ALA 63 55.63 65.6233 107.613
PRO 59 51.84 70.46 108.14
ALA 29 52.27 72.9867 112.913
PHE 28 59.58 73.78 109.06
MET 246 63.02 72.78 108.43
LEU 243 65.37 68.8067 110.54
ALA 242 63.0133 68.9233 105.167
frame 127: 
SER 66 60.16 63.5 104.57
ALA 63 56.15 65.6267 107.503
PRO 59 52.59 70.89 107.98
ALA 29 52.8333 73.21 112.39
PHE 28 58.96 75 109.27
MET 246 62.79 73.08 108.16
LEU 243 65.2233 69.1367 110.34
ALA 242 62.7733 69.7433 104.513
frame 128: 
SER 66 60.09 64.1 104.12
ALA 63 55.6533 65.1633 107.48
PRO 59 52.54 69.89 108.03
ALA 29 53.0867 72.4567 112.17
PHE 28 59.91 74.62 109.36
MET 246 62.84 73.32 108.07
LEU 243 65.1133 68.7833 109.7
ALA 242 63.2433 69.4333 104.723
frame 129: 
SER 66 60.32 64.07 104.02
ALA 63 56.6067 65.9133 107.073
PRO 59 52.3 70.58 107.89
ALA 29 52.9 73.0133 112.073
PHE 28 59.11 73.95 108.67
MET 246 62.74 72.95 108.06
LEU 243 65.1767 69.19 110.04
ALA 242 63.5133 68.99 104.867
frame 130: 
SER 66 60.13 64.58 104.41
ALA 63 56.16 65.8967 107.247
PRO 59 53.87 70.84 107.89
ALA 29 52.3167 73.04 112.45
PHE 28 59.78 74.24 108.95
MET 246 62.41 73.17 108.61
LEU 243 65.4433 68.8467 110.037
ALA 242 63.29 69.5333 104.51
frame 131: 
SER 66 60.54 64.5 104.37
ALA 63 56.1833 65.7633 107.133
PRO 59 53.62 71.46 107.1
ALA 29 52.6433 72.8533 112.103
PHE 28 59.65 74.14 108.19
MET 246 63.03 73.28 108.23
LEU 243 65.7967 69.1167 110.237
ALA 242 63.3433 69.2367 105.063
frame 132: 
SER 66 60.19 64.36 104.05
ALA 63 56.97 65.3333 107.263
PRO 59 52.8 70.35 107.71
ALA 29 52.7867 72.7233 112.587
PHE 28 59.6 73.85 108.5
MET 246 62.86 72.89 108.24
LEU 243 65.25 68.7167 109.807
ALA 242 63.1333 69.6167 104.177
frame 133: 
SER 66 60.09 63.75 104.09
ALA 63 56.3933 65.3 107.193
PRO 59 52.54 70.58 107.56
ALA 29 52.21 72.5733 111.747
PHE 28 61.01 74.61 109.2
MET 246 63.89 72.62 108.46
LEU 243 65.9233 69.09 110.537
ALA 242 63.7 69.1133 105.023
frame 134: 
SER 66 60.33 64 103.98
ALA 63 56.4167 65.68 106.93
PRO 59 52.86 70.4 107.29
ALA 29 52.7367 73.1933 112.293
PHE 28 59.5 74.12 108.7
MET 246 63.12 72.65 108.73
LEU 243 65.6467 68.6833 110.62
ALA 242 62.8867 69.58 104.76
frame 135: 
SER 66 60.65 64.59 103.82
ALA 63 56.51 65.27 107.197
PRO 59 52.58 70.44 107.54
ALA 29 52.6867 72.22 111.767
PHE 28 59.7 73.71 108.46
MET 246 63.14 73.25 107.89
LEU 243 65.05 69.4967 110.003
ALA 242 63.83 69.15 104.643
frame 136: 
SER 66 60.72 64.34 103.49
ALA 63 56.9933 65.5733 106.967
PRO 59 53.37 71.01 106.93
ALA 29 53.3433 72.7333 112.443
PHE 28 60.41 74.44 108.32
MET 246 63.56 73.03 108.11
LEU 243 65.9267 69.2767 109.96
ALA 242 63.4333 69.55 104.267
frame 137: 
SER 66 60.24 63.91 104.15
ALA 63 56.5433 65.4233 107.443
PRO 59 52.51 70.95 107.79
ALA 29 52.2233 72.9167 112.353
PHE 28 58.66 74.47 108.14
MET 246 62.93 72.76 108.03
LEU 243 65.1367 68.7567 109.923
ALA 242 63.2067 68.9533 104.02
frame 138: 
SER 66 60.79 64.28 104.3
ALA 63 56.5067 65.8067 107.28
PRO 59 53.99 71.2 107.25
ALA 29 53.19 72.87 112.007
PHE 28 58.79 73.29 107.72
MET 246 62.88 73.04 107.77
LEU 243 65.05 69.12 110.273
ALA 242 63.1733 69.0067 104.55
frame 139: 
SER 66 60.25 63.63 104.44
ALA 63 56.1333 65.3967 107.053
PRO 59 53.94 70.99 107.23
ALA 29 52.57 72.9067 111.943
PHE 28 59.82 73.58 108.38
MET 246 63.11 72.76 108.58
LEU 243 65.9333 68.77 110.707
ALA 242 63.24 68.7533 105.077
frame 140: 
SER 66 60.42 64.34 104.03
ALA 63 56.65 65.7867 106.867
PRO 59 52.6 71.25 107.27
ALA 29 52.9567 72.6167 112.4
PHE 28 59.9 73.24 108.35
MET 246 63.19 72.39 108.57
LEU 243 66.5567 68.36 110.253
ALA 242 63.2 69.0767 104.983
frame 141: 
SER 66 60.74 64.04 104.24
ALA 63 56.43 66.1267 107.203
PRO 59 52.17 70.84 107.79
ALA 29 52.29 72.81 112.347
PHE 28 59.42 74.13 108.41
MET 246 62.78 72.91 108.1
LEU 243 65.19 68.95 110.39
ALA 242 63.5433 68.62 105.157
frame 142: 
SER 66 60.28 64.15 104.49
ALA 63 56.2433 66.1667 107.537
PRO 59 51.83 70.67 107.87
ALA 29 52.37 72.5033 112.117
PHE 28 59.93 73.94 108.52
MET 246 62.67 72.94 108.64
LEU 243 65.9833 68.8733 110.627
ALA 242 63.06 68.88 104.96
frame 143: 
SER 66 60.48 64.85 104.49
ALA 63 55.64 65.8467 107.433
PRO 59 51.85 71.09 107.67
ALA 29 52.5 73.12 112.15
PHE 28 59.3 75.04 108.67
MET 246 62.87 72.97 108.3
LEU 243 64.8133 69.53 110.157
ALA 242 62.6033 69.6167 104.953
frame 144: 
SER 66 60.41 63.45 104.62
ALA 63 55.67 65.49 107.597
PRO 59 51.33 70.3 107.74
ALA 29 52.1633 72.92 110.77
PHE 28 59.8 74.14 108.21
MET 246 63.04 72.85 108.36
LEU 243 64.7933 68.9267 109.863
ALA 242 63.1867 69.04 104.627
frame 145: 
SER 66 60.73 62.91 104.59
ALA 63 56.5033 65.57 107.15
PRO 59 52.37 70.3 107.43
ALA 29 52.08 73.3767 112.507
PHE 28 59.51 74.89 108.56
MET 246 62.95 72.61 108.43
LEU 243 65.34 68.3067 110.5
ALA 242 62.5767 69.0133 105.16
frame 146: 
SER 66 61.21 63.65 104.44
ALA 63 56.8167 65.6133 107.183
PRO 59 52.67 70.77 107.46
ALA 29 52.46 73.1533 111.987
PHE 28 59.57 75.23 108.39
MET 246 62.95 72.95 108.15
LEU 243 65.5233 69.16 110.173
ALA 242 62.6667 69.7433 104.853
frame 147: 
SER 66 60.25 63.88 104.41
ALA 63 55.38 65.71 107.073
PRO 59 52.16 70.83 107.4
ALA 29 52.5367 72.5 112.213
PHE 28 59.39 73.86 108.62
MET 246 62.58 72.92 108.43
LEU 243 65.0733 68.7533 110.93
ALA 242 63.01 68.7833 104.813
frame 148: 
SER 66 60.49 63.31 104.72
ALA 63 55.6467 65.9067 107.22
PRO 59 52.4 71.04 107.26
ALA 29 52.0333 72.7833 112.123
PHE 28 60.05 74.52 108.85
MET 246 62.81 73.04 108.2
LEU 243 64.9533 68.9367 110.267
ALA 242 63.1333 68.8467 105.237
frame 149: 
SER 66 60.33 63.82 103.76
ALA 63 56.0567 65.74 106.54
PRO 59 52 70.32 106.7
ALA 29 52.0367 72.38 111.567
PHE 28 59.83 73.43 108.73
MET 246 62.4 72.74 108.76
LEU 243 65.6667 68.2967 110.613
ALA 242 62.5833 68.7833 105.15
frame 150: 
SER 66 59.5 64.34 103.73
ALA 63 55.8667 65.3967 106.74
PRO 59 52.09 70.37 107.12
ALA 29 51.6933 72.9867 112.503
PHE 28 59.78 74.56 108.87
MET 246 62.71 72.85 108.16
LEU 243 65.1133 68.59 110.017
ALA 242 62.8267 69.0033 104.837
frame 151: 
SER 66 60.21 64.51 103.73
ALA 63 55.6167 65.8533 106.937
PRO 59 52.64 71.15 107.26
ALA 29 52.6333 72.64 111.897
PHE 28 59.13 74.14 107.64
MET 246 62.45 73.13 108.17
LEU 243 65.1833 68.4433 109.48
ALA 242 62.6133 69.4333 105.12
frame 152: 
SER 66 59.25 64.28 103.8
ALA 63 55.63 65.6167 106.997
PRO 59 51.94 70.28 107.5
ALA 29 52.4967 72.3333 111.9
PHE 28 59.19 74.36 107.75
MET 246 62.59 73.13 108.12
LEU 243 65.78 68.7033 110.537
ALA 242 62.8967 69.1933 104.713
frame 153: 
SER 66 59.93 64.22 104.22
ALA 63 55.8833 66.35 107.207
PRO 59 52.32 71.46 107.31
ALA 29 52.19 72.9833 111.843
PHE 28 58.68 74.87 108.36
MET 246 63.23 72.17 108.43
LEU 243 65.2333 67.98 109.563
ALA 242 63.2167 68.56 104.927
frame 154: 
SER 66 60.26 63.89 104.28
ALA 63 56.1133 65.75 107.517
PRO 59 52.25 70.76 107.67
ALA 29 52.1833 72.8 111.847
PHE 28 59.1 75.53 107.88
MET 246 63.26 72.71 108.1
LEU 243 65.1233 68.74 110.067
ALA 242 63.0767 68.91 104.623
frame 155: 
SER 66 60.5 64.59 104
ALA 63 55.74 66.4333 107.243
PRO 59 52.66 71.09 107.2
ALA 29 52.5633 72.77 111.26
PHE 28 59.74 74.11 107.92
MET 246 62.58 73.1 108.65
LEU 243 65.8233 69.3533 110.463
ALA 242 63.02 68.95 104.92
frame 156: 
SER 66 60.18 64.24 104.24
ALA 63 56.4433 66.1033 106.993
PRO 59 53.34 70.51 107.54
ALA 29 52.4 72.8067 111.897
PHE 28 60.04 74.39 108.55
MET 246 62.24 72.66 108.11
LEU 243 64.7933 68.6333 110.09
ALA 242 62.6533 68.8433 104.513
frame 157: 
SER 66 60.2 64.35 104.26
ALA 63 55.6533 65.8933 107.54
PRO 59 53.57 71.62 107
ALA 29 52.36 72.7467 112.203
PHE 28 59.12 74.57 108.07
MET 246 62.6 72.78 108.1
LEU 243 65.0433 68.5367 110.243
ALA 242 63.02 68.7733 104.93
frame 158: 
SER 66 60.36 64.72 103.79
ALA 63 56.2267 66.3 107.157
PRO 59 54.1 71.74 107.22
ALA 29 51.96 73.15 111.917
PHE 28 59.96 74.74 108.79
MET 246 63.01 72.36 108.65
LEU 243 65.6967 68.9967 110.337
ALA 242 62.8433 69.3267 104.833
frame 159: 
SER 66 60.49 64.57 103.81
ALA 63 56.3433 66.03 107.11
PRO 59 53.96 71.28 107.1
ALA 29 52.2533 72.5167 112.83
PHE 28 59.15 74.46 108.37
MET 246 62.21 73.11 108.54
LEU 243 64.8933 69.0667 110.623
ALA 242 62.5833 69.2867 105.07
frame 160: 
SER 66 60.25 64.62 104.28
ALA 63 55.8367 66.1333 106.997
PRO 59 52.24 71.15 106.89
ALA 29 52.4133 73.2233 111.79
PHE 28 59.24 73.68 107.92
MET 246 62.55 72.98 108.72
LEU 243 65.4967 68.76 110.733
ALA 242 63.0433 69.07 104.77
frame 161: 
SER 66 59.81 64.35 103.91
ALA 63 56.15 66.05 107.177
PRO 59 52 71.08 107.38
ALA 29 52.1833 73.43 112.427
PHE 28 59.2 74.72 108.63
MET 246 62.23 73.5 108.52
LEU 243 64.6933 68.7367 110.743
ALA 242 62.78 69.3333 105.653
frame 162: 
SER 66 60.04 64.79 104.57
ALA 63 55.7333 66.4433 107.383
PRO 59 51.7 70.94 107.39
ALA 29 51.9 72.92 112.7
PHE 28 58.56 75.02 108.47
MET 246 61.88 73.43 108.52
LEU 243 64.5467 68.3633 110.137
ALA 242 62.49 68.8367 105.487
frame 163: 
SER 66 59.81 63.92 104.77
ALA 63 55.11 66.45 107.287
PRO 59 51.4 71.36 107.14
ALA 29 52.5333 72.5467 113.06
PHE 28 59.1 73.76 108.46
MET 246 62.59 72.78 108.57
LEU 243 65.7067 69.21 110.587
ALA 242 62.6 68.9767 104.92
frame 164: 
SER 66 60.49 64.53 104.18
ALA 63 56.3233 66.6967 106.927
PRO 59 52.64 71.77 107.11
ALA 29 52.35 72.9367 112.313
PHE 28 59.43 73.98 108.58
MET 246 61.71 73.31 108.75
LEU 243 65.1833 68.85 110.667
ALA 242 62.7267 69.13 105.393
frame 165: 
SER 66 60.18 64.33 104.04
ALA 63 56.1267 66.2367 106.887
PRO 59 52.93 71.03 107.14
ALA 29 52.3667 73.53 111.743
PHE 28 58.74 75.22 108.01
MET 246 61.88 73.06 107.75
LEU 243 64.7833 69.3967 110.457
ALA 242 62.7333 69.22 104.637
frame 166: 
SER 66 60.34 64.42 104.59
ALA 63 55.8833 66.2133 107.227
PRO 59 51.27 71.03 107.3
ALA 29 52.67 72.6667 112.06
PHE 28 58.92 73.79 108.96
MET 246 62.09 73.05 107.96
LEU 243 64.7833 68.4933 109.557
ALA 242 62.7467 68.6167 105.047
frame 167: 
SER 66 60.2 64.74 104.27
ALA 63 56.0767 66.3033 107.103
PRO 59 52.68 71.01 107.3
ALA 29 52.1433 73.4233 112.187
PHE 28 59.53 75.89 108.77
MET 246 62.33 73.22 107.55
LEU 243 65.0633 68.66 109.88
ALA 242 62.7233 69.1633 104.547
frame 168: 
SER 66 60.6 64.13 103.96
ALA 63 56.2767 65.9933 107.027
PRO 59 53.15 71.15 107.23
ALA 29 52.2567 73.1 111.643
PHE 28 60.34 74.72 109.04
MET 246 63.36 72.51 108.79
LEU 243 64.97 68.52 110.403
ALA 242 62.8633 68.5267 104.957
frame 169: 
SER 66 60.16 64.25 104.05
ALA 63 55.92 65.91 106.86
PRO 59 52.03 70.69 107.33
ALA 29 52.3367 72.78 111.767
PHE 28 58.76 74.43 107.25
MET 246 62.51 72.23 108.46
LEU 243 64.8 68.36 110.72
ALA 242 62.73 68.51 105.243
frame 170: 
SER 66 61.33 63.85 104.34
ALA 63 56.4833 66.3167 107.2
PRO 59 52.38 70.99 107.58
ALA 29 52.2333 73.0733 112.413
PHE 28 58.72 73.98 108.79
MET 246 62.28 72.55 108.04
LEU 243 65.42 68.3433 110.303
ALA 242 62.8833 68.6167 104.43
frame 171: 
SER 66 60.61 64 104.22
ALA 63 56.3667 66.4733 107.197
PRO 59 52.43 70.9 107.37
ALA 29 52.05 73.3867 112.387
PHE 28 60.31 76.03 109.05
MET 246 63.02 72.58 108.26
LEU 243 64.8433 69.1233 110.533
ALA 242 62.4633 68.9667 104.587
frame 172: 
SER 66 60.88 64.11 103.45
ALA 63 56.46 65.77 107.053
PRO 59 52.85 70.99 107.04
ALA 29 51.95 73.0033 111.737
PHE 28 59.88 76.4 108.39
MET 246 61.92 73.82 107.97
LEU 243 64.08 69.3633 110.127
ALA 242 62.3533 69.6867 104.807
frame 173: 
SER 66 60.42 64.66 103.96
ALA 63 56.12 66.2967 106.957
PRO 59 53.07 71.57 107.19
ALA 29 51.8433 73.5133 112.227
PHE 28 58.54 75.43 107.43
MET 246 62.48 73.37 107.9
LEU 243 65.2133 68.9733 110.443
ALA 242 62.5367 69.1567 104.907
frame 174: 
SER 66 60.37 64.8 104.02
ALA 63 55.7933 66.36 107.163
PRO 59 51.89 70.99 107.21
ALA 29 52.2433 73.4267 112.073
PHE 28 60.01 74.97 108.5
MET 246 62.05 73.35 108.5
LEU 243 64.96 68.97 110.15
ALA 242 62.5 69.5833 104.86
frame 175: 
SER 66 60.11 64.88 104.17
ALA 63 56.3067 66.69 106.813
PRO 59 53.26 72.07 106.85
ALA 29 52.0467 73.33 111.313
PHE 28 59.94 74.94 108.16
MET 246 62.72 73.32 108.43
LEU 243 64.9967 69.4333 110.03
ALA 242 62.4 70.1233 104.15
frame 176: 
SER 66 60.4 65.04 103.77
ALA 63 56.4967 67.2 106.967
PRO 59 53.75 71.9 106.86
ALA 29 52.4833 73.5067 111.993
PHE 28 60.01 76.47 108.67
MET 246 62.35 73.43 107.94
LEU 243 65.3933 69.0367 110.06
ALA 242 62.2667 69.41 104.74
frame 177: 
SER 66 60.8 64.45 103.66
ALA 63 56.7367 66.89 106.827
PRO 59 53.88 71.74 106.77
ALA 29 52.4433 72.9433 111.71
PHE 28 59.45 75.35 107.65
MET 246 62.28 72.42 107.95
LEU 243 65.6167 68.1067 110.15
ALA 242 62.6367 68.7133 104.52
frame 178: 
SER 66 60.31 64.68 103.77
ALA 63 56.6233 66.8133 106.68
PRO 59 54.3 71.78 106.71
ALA 29 51.8267 73.8833 112.043
PHE 28 58.36 74.56 108.18
MET 246 62.69 73.25 108.09
LEU 243 65.0433 69.05 110.257
ALA 242 62.5633 69.6167 104.51
frame 179: 
SER 66 60.82 64.17 103.69
ALA 63 56.5167 65.8633 106.727
PRO 59 53.86 71.26 106.85
ALA 29 52.3233 73.6867 111.453
PHE 28 59.03 75.1 108.2
MET 246 62.81 73.03 107.77
LEU 243 64.79 69.0733 109.863
ALA 242 62.79 69.4367 104.383
frame 180: 
SER 66 60.29 64.95 103.56
ALA 63 56.71 66.78 106.737
PRO 59 53.28 71.97 106.83
ALA 29 52.5833 73.24 111.747
PHE 28 58.77 74.42 107.61
MET 246 62.25 73.17 107.83
LEU 243 64.9 69.2733 109.85
ALA 242 62.8567 69.3933 104.087
frame 181: 
SER 66 60.73 64.39 104.14
ALA 63 56.9467 66.1233 107.593
PRO 59 53.71 72.48 106.92
ALA 29 51.7867 73.5533 111.37
PHE 28 59.26 75.69 107.39
MET 246 62.74 73.1 108.31
LEU 243 64.5367 68.3767 109.333
ALA 242 62.8767 69.09 104.53
frame 182: 
SER 66 60.44 64.69 103.65
ALA 63 56.03 66.0433 107.43
PRO 59 53.73 71.56 107.37
ALA 29 52.1433 73.2433 111.23
PHE 28 58.79 74.56 107.01
MET 246 62.38 73.06 107.94
LEU 243 65.3567 68.4333 109.887
ALA 242 63.05 68.6433 104.763
frame 183: 
SER 66 61.34 64.16 104.08
ALA 63 57.1033 67 106.823
PRO 59 53.72 71.97 106.93
ALA 29 52.4933 73.4 112.13
PHE 28 59.67 75.01 108.16
MET 246 62.49 73.25 107.48
LEU 243 64.5767 69.09 109.73
ALA 242 63.2667 69.0533 104.247
frame 184: 
SER 66 60.85 64.28 103.4
ALA 63 57.25 66.29 106.953
PRO 59 54.09 72.31 106.91
ALA 29 52.5833 73.2767 110.743
PHE 28 59.07 74.32 107.43
MET 246 62.78 72.68 108.29
LEU 243 65.7 68.8467 110.233
ALA 242 63.3 69.0333 104.29
frame 185: 
SER 66 60.67 64.53 103.59
ALA 63 56.8733 66.18 107.073
PRO 59 53.73 71.68 107.28
ALA 29 51.7033 73.9833 111.9
PHE 28 59.65 75.94 108.41
MET 246 62.37 73.47 107.3
LEU 243 64.4933 69.0567 109.48
ALA 242 63.13 69.1633 104.303
frame 186: 
SER 66 61.03 64.31 103.98
ALA 63 55.98 66.35 107.017
PRO 59 54.02 71.9 106.61
ALA 29 51.9867 73.8167 111.743
PHE 28 59.22 74.87 107.17
MET 246 63.5 72.78 107.99
LEU 243 64.9333 68.7933 109.48
ALA 242 62.9067 69.2367 104.2
frame 187: 
SER 66 60.37 64.47 104.07
ALA 63 55.98 66.4633 106.733
PRO 59 54.1 72.15 106.51
ALA 29 52.7 73.5067 111.873
PHE 28 59.17 74.87 107.74
MET 246 63.12 73.13 107.4
LEU 243 65.64 69.3233 109.887
ALA 242 63.5933 69.06 104.263
frame 188: 
SER 66 60.25 64.54 104.04
ALA 63 56.06 66.8167 107.157
PRO 59 53.31 71.72 107.01
ALA 29 52.4833 72.8967 111.39
PHE 28 58.5 74.98 106.94
MET 246 62.23 73.38 107.25
LEU 243 64.8433 69.1833 109.587
ALA 242 63.2233 69.51 103.97
frame 189: 
SER 66 60.03 64.08 104.04
ALA 63 56.1133 66.6167 106.867
PRO 59 53.57 72.03 106.73
ALA 29 52.8933 73.44 111.107
PHE 28 60.05 74.67 108.12
MET 246 62.89 73.11 107.48
LEU 243 65.3767 69.1733 109.773
ALA 242 63.1333 69.27 104.08
frame 190: 
SER 66 60.35 64.69 103.76
ALA 63 56.9167 66.79 107.03
PRO 59 54.28 72.16 107.06
ALA 29 52.2 73.4767 111.727
PHE 28 59.49 75.35 107.45
MET 246 63.22 73.33 107.92
LEU 243 64.85 69.0567 109.41
ALA 242 63.25 69.4867 104.783
frame 191: 
SER 66 60.29 64.7 103.44
ALA 63 56.8367 66.7633 106.803
PRO 59 54.23 71.72 106.67
ALA 29 52.61 73.58 111.677
PHE 28 59.98 76.43 107.94
MET 246 63.33 72.82 107.7
LEU 243 65.2333 69.49 109.87
ALA 242 63.01 69.2533 103.99
frame 192: 
SER 66 60.45 64.32 103.04
ALA 63 56.9967 66.0333 106.43
PRO 59 54.17 71.84 106.51
ALA 29 52.8967 73.37 111.957
PHE 28 59.92 74.74 107.84
MET 246 63.16 73.54 108.06
LEU 243 65.2667 69.84 109.813
ALA 242 63.4633 69.9067 104.283
frame 193: 
SER 66 61.54 64.46 103.52
ALA 63 56.6267 66.44 107.037
PRO 59 54.25 71.45 106.91
ALA 29 53.0333 73.1367 112.44
PHE 28 60.07 75.03 108.27
MET 246 63.04 73.64 107.2
LEU 243 64.88 69.7933 109.557
ALA 242 63.25 69.7333 103.947
frame 194: 
SER 66 61.49 64.58 103.14
ALA 63 55.8933 66.7633 107.02
PRO 59 53.94 72.1 106.54
ALA 29 52.8867 73.58 112.163
PHE 28 60.35 75.44 108.29
MET 246 63.05 73.53 108.1
LEU 243 65.79 69.3367 109.497
ALA 242 63.2967 69.7667 104.823
frame 195: 
SER 66 60.68 65.23 102.7
ALA 63 57.1667 67.16 106.42
PRO 59 54.16 72.31 106.61
ALA 29 53.62 73.1933 111.28
PHE 28 59.83 74.85 107.35
MET 246 63.1 73.4 107.96
LEU 243 65.1833 69.3333 109.95
ALA 242 63.0667 69.76 103.91
frame 196: 
SER 66 61.46 64.51 103.1
ALA 63 57.2167 67.2 106.313
PRO 59 53.82 72 106.81
ALA 29 52.65 73.3567 112.01
PHE 28 60.16 76.12 107.51
MET 246 62.82 73.43 107.47
LEU 243 65.5367 69.2233 109.88
ALA 242 63.3867 69.42 104.093
frame 197: 
SER 66 61.61 63.82 103.77
ALA 63 57.3367 66.4167 107.33
PRO 59 54.63 72.62 106.94
ALA 29 52.7167 73.9333 111.503
PHE 28 59.83 75.69 107.5
MET 246 63.2 73.08 107.92
LEU 243 65.4667 69.6433 109.987
ALA 242 63.35 69.58 104.263
frame 198: 
SER 66 61.57 64.3 103.78
ALA 63 56.79 66.12 107.34
PRO 59 54.34 71.47 106.67
ALA 29 52.9667 73.3033 111.59
PHE 28 60.03 75.68 107.96
MET 246 62.65 73.56 108.02
LEU 243 65.71 69.48 110.203
ALA 242 63.1467 69.2833 104.333
frame 199: 
SER 66 61.35 64.36 103.23
ALA 63 57.3933 66.2933 106.633
PRO 59 53.02 71.63 106.92
ALA 29 52.9867 73.2733 111.613
PHE 28 60.42 76.15 108.54
MET 246 62.95 73.12 107.63
LEU 243 65.6867 68.84 110.08
ALA 242 63.59 69.0833 104.423
frame 200: 
SER 66 61.15 64.34 103.85
ALA 63 56.8267 67.1033 106.823
PRO 59 52.76 71.68 107.11
ALA 29 53.4967 73.3467 110.56
PHE 28 60.55 75.6 107.69
MET 246 62.98 73.36 107.74
LEU 243 65.41 69.0733 110.013
ALA 242 63.1 69.1767 104.4
frame 201: 
SER 66 60.89 65.34 103.46
ALA 63 57.25 67.38 106.947
PRO 59 52.99 71.76 107.17
ALA 29 53.0267 73.32 111.827
PHE 28 60.77 76.21 108.35
MET 246 63.01 74.1 108.1
LEU 243 65.5267 69.54 110.43
ALA 242 63.2733 70.0033 104.577
frame 202: 
SER 66 61.2 64.93 104.03
ALA 63 57.0567 67.2233 106.717
PRO 59 52.89 71.9 107.23
ALA 29 52.8033 73.1533 112.23
PHE 28 60.13 74.52 107.96
MET 246 63.38 72.97 108.51
LEU 243 65.3667 69.0233 109.53
ALA 242 63.0533 69.7833 104.333
frame 203: 
SER 66 61.28 64.66 103.63
ALA 63 57.55 66.57 107.18
PRO 59 54.05 71.98 107.11
ALA 29 52.2233 73.5167 111.2
PHE 28 59.61 75.76 108
MET 246 63.05 73.18 107.92
LEU 243 65.18 69.2133 109.78
ALA 242 63.0433 69.4867 104.36
frame 204: 
SER 66 60.91 64.19 103.77
ALA 63 56.5767 65.9967 107.077
PRO 59 53.39 71.49 106.65
ALA 29 53.0867 72.95 111.767
PHE 28 59.69 74.08 107.71
MET 246 62.56 73.29 107.73
LEU 243 64.6933 69.3167 109.497
ALA 242 62.83 69.6767 103.937
frame 205: 
SER 66 60.81 65.03 103.89
ALA 63 57.0367 67.1067 106.567
PRO 59 52.59 71.48 107.11
ALA 29 53.1067 72.7 111.937
PHE 28 59.64 74.59 108.25
MET 246 62.41 73.3 107.93
LEU 243 65.07 69.6567 109.973
ALA 242 63.34 69.56 103.647
frame 206: 
SER 66 60.82 64.87 103.94
ALA 63 56.3767 67.16 106.957
PRO 59 52.48 72.66 106.63
ALA 29 52.8033 73.53 112.027
PHE 28 59.91 74.56 108.22
MET 246 62.91 73.18 108.47
LEU 243 65.2267 69.3167 110.137
ALA 242 63.1933 69.76 103.787
frame 207: 
SER 66 60.8 64.32 104.54
ALA 63 56.8033 66.51 107.417
PRO 59 53.12 71.81 106.99
ALA 29 51.8667 73.3767 111.823
PHE 28 59.47 74.78 107.99
MET 246 62.88 72.99 108.45
LEU 243 65.3933 68.63 109.913
ALA 242 63.1133 69.4033 104.317
frame 208: 
SER 66 60.94 64.92 103.58
ALA 63 56.94 66.5033 106.78
PRO 59 53.5 71.67 107.53
ALA 29 52.9467 73.2567 112.133
PHE 28 59.87 74.31 108.82
MET 246 63.14 72.9 108.62
LEU 243 64.6567 69.4633 110.4
ALA 242 63.13 69.45 104.497
frame 209: 
SER 66 60.68 64.89 104.36
ALA 63 56.16 67.0333 107.203
PRO 59 52.83 72.21 107.3
ALA 29 52.44 73.7367 112.183
PHE 28 59.3 74.43 108.54
MET 246 62.67 73.2 108.24
LEU 243 65.18 69.4133 110.083
ALA 242 63.1233 69.64 104.303
frame 210: 
SER 66 60.78 64.84 104.39
ALA 63 56.9567 66.53 107.553
PRO 59 53.17 71.53 107.64
ALA 29 52.4833 73.7433 111.64
PHE 28 59.76 75.2 108.25
MET 246 63.07 73.72 107.78
LEU 243 65.4967 69.5067 109.797
ALA 242 63.33 70.0133 104.083
frame 211: 
SER 66 61.6 64.93 103.97
ALA 63 57.0567 66.95 106.717
PRO 59 54.21 71.99 107.09
ALA 29 53.3333 73.0233 111.707
PHE 28 60.39 75.56 107.84
MET 246 62.95 73.63 108.23
LEU 243 65.26 69.9067 110.263
ALA 242 63.2267 69.8367 104.567
frame 212: 
SER 66 61.72 64.67 104.01
ALA 63 57.3733 67.4367 106.99
PRO 59 53.37 72.42 107.13
ALA 29 53.2067 73.7267 111.413
PHE 28 60.75 75.65 108.06
MET 246 62.91 73.46 108.08
LEU 243 65.8767 69.3967 109.87
ALA 242 63.17 69.7333 104.057
frame 213: 
SER 66 61.49 65 104.07
ALA 63 56.9167 67.2333 106.913
PRO 59 53.65 72.76 106.78
ALA 29 52.7233 73.9167 112.233
PHE 28 60.51 76.59 108.21
MET 246 63.17 73.61 107.39
LEU 243 65.8 69.9667 109.457
ALA 242 64.0733 69.64 104.56
frame 214: 
SER 66 61.62 64.98 104
ALA 63 57.1333 67.2633 106.953
PRO 59 53.85 72.03 107.12
ALA 29 53.02 73.7533 111.797
PHE 28 59.92 74.54 107.95
MET 246 62.88 73.58 108.33
LEU 243 65.53 69.5267 109.767
ALA 242 63.36 69.6067 104.553
frame 215: 
SER 66 62.43 63.96 103.97
ALA 63 57.4633 67.3767 107.153
PRO 59 53.69 72.21 107.42
ALA 29 52.5267 73.6533 111.917
PHE 28 59.98 75.61 107.7
MET 246 63.42 73.77 107.94
LEU 243 66.07 69.97 110.217
ALA 242 63.9767 69.8133 104.387
frame 216: 
SER 66 61.19 65.65 103.76
ALA 63 57.4033 67.5767 106.873
PRO 59 52.67 72.03 106.81
ALA 29 52.6933 74.1833 111.55
PHE 28 59.31 75.02 107.69
MET 246 62.73 74.23 107.6
LEU 243 65.0567 70.27 109.517
ALA 242 63.3267 70.3267 103.613
frame 217: 
SER 66 61.13 64.96 103.46
ALA 63 57.6267 66.8433 106.577
PRO 59 52.9 71.44 107.37
ALA 29 52.6567 74.2967 111.88
PHE 28 59.88 75.55 107.39
MET 246 62.96 73.67 107.72
LEU 243 65.68 69.6267 109.767
ALA 242 63.4967 69.9667 103.903
frame 218: 
SER 66 61.62 64.8 103.7
ALA 63 57.7267 67.1 107.313
PRO 59 52.61 71.8 107.31
ALA 29 53.17 73.61 111.517
PHE 28 60.17 75.11 107.79
MET 246 63.23 73.97 108.09
LEU 243 65.1533 69.7333 109.513
ALA 242 63.2667 70.3067 104.493
frame 219: 
SER 66 61.31 64.73 104.17
ALA 63 56.7367 66.6467 107.197
PRO 59 53.82 71.78 107.06
ALA 29 52.91 73.7367 111.693
PHE 28 59.81 74.93 108.34
MET 246 63.38 73.88 108
LEU 243 66.0533 69.34 109.76
ALA 242 63.3367 70.1533 104.457
frame 220: 
SER 66 61.49 65.46 103.59
ALA 63 57.7167 67.2033 106.92
PRO 59 54.28 72.53 107.31
ALA 29 53.01 73.71 111.55
PHE 28 60.4 74.66 108.07
MET 246 63.4 73.9 108.08
LEU 243 65.5033 69.8 110.107
ALA 242 63.2267 70.0767 104.217
frame 221: 
SER 66 61.33 65.89 103.64
ALA 63 56.6433 67.94 106.46
PRO 59 52.74 72.49 106.96
ALA 29 52.58 74.0433 111.67
PHE 28 60.5 76.65 108.38
MET 246 63.02 73.72 107.85
LEU 243 65.5267 70.1033 109.86
ALA 242 63.2933 70.4767 104.027
frame 222: 
SER 66 61.38 65.2 104.18
ALA 63 56.8267 66.94 107.097
PRO 59 52.79 72.15 106.94
ALA 29 52.6933 73.87 111.41
PHE 28 59.34 75.63 107.69
MET 246 63.32 73.73 107.61
LEU 243 65.4933 69.5833 109.737
ALA 242 63.3833 70.1467 104.25
frame 223: 
SER 66 61.57 64.72 104.71
ALA 63 56.53 67.53 106.98
PRO 59 52.87 72.45 106.68
ALA 29 52.1833 73.7933 112.107
PHE 28 59.43 75.29 107.75
MET 246 63.05 73.77 107.85
LEU 243 65.3067 69.83 109.723
ALA 242 63.5233 70.1633 103.86
frame 224: 
SER 66 61.21 65.43 103.44
ALA 63 57.2567 67.31 106.737
PRO 59 52.63 71.88 106.99
ALA 29 52.5333 73.3767 111.323
PHE 28 59.62 73.93 108.22
MET 246 63.21 73.62 107.72
LEU 243 65.43 69.7133 109.877
ALA 242 63.5133 69.7433 103.767
frame 225: 
SER 66 61.66 64.33 103.68
ALA 63 57.0533 67.6267 106.45
PRO 59 53.24 71.69 106.97
ALA 29 52.9567 73.7333 111.393
PHE 28 59.98 74.89 107.66
MET 246 62.6 74.06 107.95
LEU 243 65.7833 69.9033 109.817
ALA 242 63.1667 69.7267 104.047
frame 226: 
SER 66 61.73 64.58 104.27
ALA 63 56.8033 67.5567 107.017
PRO 59 52.41 72.32 106.86
ALA 29 52.3867 73.6667 111.38
PHE 28 60.11 75.59 107.69
MET 246 63.22 73.92 107.29
LEU 243 65.0333 69.8067 109.253
ALA 242 63.66 70.1933 103.927
frame 227: 
SER 66 61.17 64.52 103.98
ALA 63 56.92 67.7833 106.7
PRO 59 52.5 72.72 106.65
ALA 29 52.33 74.2033 111.747
PHE 28 58.98 75.47 107.78
MET 246 62.54 73.77 107.74
LEU 243 65.3067 69.4333 109.507
ALA 242 63.42 70.07 103.603
frame 228: 
SER 66 61.25 64.87 104.07
ALA 63 56.94 67.6533 106.5
PRO 59 53.22 71.89 106.53
ALA 29 52.2533 73.7833 111.157
PHE 28 60.43 74.96 108.1
MET 246 62.83 74.17 107.49
LEU 243 65.38 70.2233 109.623
ALA 242 63.3833 70.33 103.557
frame 229: 
SER 66 61.62 66.31 103.2
ALA 63 57.3433 68.07 106.457
PRO 59 53.62 72.76 106.68
ALA 29 52.8367 74.0033 111.33
PHE 28 59.3 74.86 108.15
MET 246 62.62 73.62 107.39
LEU 243 65.5467 69.9633 109.5
ALA 242 63.4467 69.7933 103.767
frame 230: 
SER 66 61.51 65.49 103.51
ALA 63 56.8233 68.7233 106.587
PRO 59 52.69 72.75 107.01
ALA 29 52.63 74.46 112.14
PHE 28 59.42 75.89 107.71
MET 246 62.81 73.96 107.6
LEU 243 65.89 69.7267 109.19
ALA 242 63.46 70.33 103.907
frame 231: 
SER 66 61.65 66.38 103.9
ALA 63 57.0767 68.5033 106.733
PRO 59 53.32 72.84 107.05
ALA 29 52.8567 74.3667 112.35
PHE 28 59.43 75.81 108.14
MET 246 62.6 74.3 108
LEU 243 66.03 69.8633 109.863
ALA 242 63.1833 70.0567 104.207
frame 232: 
SER 66 61.6 64.41 104.84
ALA 63 56.74 67.6867 107.18
PRO 59 52.65 71.92 106.9
ALA 29 53.1433 74.1133 111.083
PHE 28 60.23 75.08 107.67
MET 246 62.94 74.19 107.77
LEU 243 65.7133 70.2133 110.013
ALA 242 63.2933 70.1967 104.427
frame 233: 
SER 66 61.95 64.54 104.02
ALA 63 56.59 67.1033 107.203
PRO 59 52.85 72.16 107.02
ALA 29 52.3333 74.2233 111.583
PHE 28 59.46 75.54 107.63
MET 246 62.79 73.9 107.22
LEU 243 65.51 69.8367 109.687
ALA 242 63.2533 70.04 103.52
frame 234: 
SER 66 61.48 64.74 104.24
ALA 63 56.7767 66.97 106.977
PRO 59 52.86 72.34 106.73
ALA 29 52.5967 74.0167 111.343
PHE 28 60.18 75.24 107.98
MET 246 62.76 73.92 107.92
LEU 243 65.4733 69.79 109.757
ALA 242 63.4567 70.0033 103.983
frame 235: 
SER 66 61.49 64.44 104.05
ALA 63 56.88 67.13 106.82
PRO 59 52.86 71.94 106.71
ALA 29 53.8467 73.68 111.047
PHE 28 59.68 74.97 107.6
MET 246 63.95 73.67 107.63
LEU 243 66.2433 69.58 109.31
ALA 242 63.4733 70.2467 103.403
frame 236: 
SER 66 62.06 64.94 104
ALA 63 57.1067 67.3933 106.633
PRO 59 53.04 72.02 106.54
ALA 29 53.85 73.9667 110.91
PHE 28 60.56 75.15 107.48
MET 246 63.13 74.16 107.58
LEU 243 66.3233 69.87 109.533
ALA 242 63.8233 69.6133 104.24
frame 237: 
SER 66 61.73 64.4 104.29
ALA 63 57.4133 67.77 106.793
PRO 59 53.52 72.04 107.21
ALA 29 53.2767 73.8067 111.707
PHE 28 60.95 75.58 108.11
MET 246 63.89 74.2 107.51
LEU 243 65.7767 70.6067 109.37
ALA 242 63.9067 70.0367 103.79
frame 238: 
SER 66 62.24 63.75 103.94
ALA 63 57.19 66.92 106.773
PRO 59 53.85 72.1 106.83
ALA 29 53.5133 74.03 110.867
PHE 28 60.34 74.65 108.02
MET 246 64.04 73.5 107.85
LEU 243 65.6767 69.7167 109.577
ALA 242 63.93 69.99 104.053
frame 239: 
SER 66 61.23 64.05 104.7
ALA 63 56.5067 67.16 107.283
PRO 59 52.76 71.88 107.52
ALA 29 52.9367 74.4833 111.743
PHE 28 59.9 75.35 108.07
MET 246 63.93 73.84 107.86
LEU 243 65.5433 69.6267 109.647
ALA 242 63.8933 69.72 104.067
frame 240: 
SER 66 61.56 64.06 104.83
ALA 63 57.0367 67.54 107.297
PRO 59 53.31 72.51 107.35
ALA 29 53.31 73.8633 110.953
PHE 28 60.61 75.24 107.99
MET 246 63.49 74 107.96
LEU 243 66.02 69.8767 109.83
ALA 242 63.87 70.76 104.333
frame 241: 
SER 66 61.5 64.08 104.76
ALA 63 56.4567 67.13 106.753
PRO 59 54.65 72.2 106.71
ALA 29 53.44 74.16 111.193
PHE 28 60.41 74.43 107.8
MET 246 63.68 73.63 107.41
LEU 243 65.66 69.3567 109.087
ALA 242 63.95 69.7367 103.87
frame 242: 
SER 66 61.63 64 104.55
ALA 63 57.0733 67.1033 107.04
PRO 59 54.44 72.68 107.01
ALA 29 53.1967 74.0033 110.753
PHE 28 60.13 74.72 107.78
MET 246 63.42 73.84 108.13
LEU 243 66.2033 70.0233 109.58
ALA 242 63.9467 69.9333 103.94
frame 243: 
SER 66 61.61 64.03 104.16
ALA 63 57.0733 67.2267 106.563
PRO 59 54.7 72.8 106.63
ALA 29 53.2067 73.9933 111.41
PHE 28 59.96 75.81 108.13
MET 246 63.41 73.65 107.99
LEU 243 65.8933 69.6733 109.493
ALA 242 64.0367 69.67 104.05
frame 244: 
SER 66 61.71 65.38 103.75
ALA 63 57.38 66.9967 107.393
PRO 59 54.91 72.43 107.04
ALA 29 53.39 74.1767 111.103
PHE 28 60.17 75.2 107.89
MET 246 63.32 73.57 107.99
LEU 243 66.1 69.4267 109.63
ALA 242 64.0533 69.8033 104.293
frame 245: 
SER 66 61.75 64.26 104.84
ALA 63 56.84 67.8167 106.887
PRO 59 54.13 72.34 106.88
ALA 29 53.8467 74.29 110.647
PHE 28 60.46 75.81 107.63
MET 246 63.66 74.4 107.91
LEU 243 65.7167 69.7567 109.34
ALA 242 64.0967 70.1 104.163
frame 246: 
SER 66 62.56 65.19 104.37
ALA 63 57.7733 67.51 107.16
PRO 59 55.31 73.04 106.93
ALA 29 53.3967 74.5433 111.073
PHE 28 60.63 76.17 108.04
MET 246 63.54 74.4 108.07
LEU 243 65.86 70.5933 109.903
ALA 242 63.7867 70.6167 104.38
frame 247: 
SER 66 62.33 64.27 105.09
ALA 63 57.48 67.9533 107.127
PRO 59 54.6 72.79 107.49
ALA 29 53.3067 74.26 110.923
PHE 28 60.68 76.29 107.92
MET 246 63.72 74.13 108.04
LEU 243 65.9433 69.87 109.937
ALA 242 64.07 69.93 104.537
frame 248: 
SER 66 62.32 64.75 103.94
ALA 63 57.67 67.27 106.993
PRO 59 54.53 72.16 107.33
ALA 29 53.54 73.8467 111
PHE 28 60.24 75.51 107.89
MET 246 63 74.61 107.55
LEU 243 66.1767 69.7533 109.69
ALA 242 63.8433 70.4767 104.003
frame 249: 
SER 66 62.33 64.04 104.58
ALA 63 57.4 67.2667 106.81
PRO 59 54.38 72.4 106.89
ALA 29 52.5633 74.2567 111.39
PHE 28 60.36 75.04 108.56
MET 246 63.4 73.72 107.83
LEU 243 65.3267 69.64 109.677
ALA 242 63.74 70.11 104.353
frame 250: 
SER 66 61.54 64.05 103.9
ALA 63 57.06 67.2233 106.593
PRO 59 54.33 71.96 106.59
ALA 29 53.6433 73.7233 110.663
PHE 28 60.56 75.22 108.02
MET 246 63.64 74.35 107.56
LEU 243 65.3267 70.5133 108.883
ALA 242 64.06 70.43 104.013
frame 251: 
SER 66 62.07 64.82 103.79
ALA 63 57.4567 67.76 106.4
PRO 59 54.03 72.34 106.95
ALA 29 53.0167 73.8633 111.277
PHE 28 60.16 75.04 108.26
MET 246 62.99 74.13 107.53
LEU 243 65.7033 69.6 109.153
ALA 242 63.5733 70.0667 103.883
frame 252: 
SER 66 61.2 65.63 102.84
ALA 63 56.7633 66.8333 106.27
PRO 59 54.8 71.75 106.38
ALA 29 52.5233 73.5667 111.58
PHE 28 60.18 76.51 108.01
MET 246 63.33 74.31 107.32
LEU 243 65.19 70.3567 108.967
ALA 242 63.7767 70.27 104.027
frame 253: 
SER 66 61.25 64.42 103.33
ALA 63 56.8933 67.4033 106.147
PRO 59 54.21 72.51 106.36
ALA 29 53.2967 73.6867 110.99
PHE 28 60.62 75.89 108.03
MET 246 63.52 73.64 107.49
LEU 243 65.5733 69.9467 109.12
ALA 242 63.68 69.9633 103.9
frame 254: 
SER 66 61.85 65.14 102.47
ALA 63 57.2367 67.26 105.653
PRO 59 53.87 71.6 106.64
ALA 29 52.3267 73.8633 110.457
PHE 28 60.06 75.64 108.09
MET 246 63.62 73.98 107.69
LEU 243 65.5633 70.16 109.197
ALA 242 63.65 70.0833 103.84
frame 255: 
SER 66 61.67 65.19 102.62
ALA 63 56.7267 66.6167 105.737
PRO 59 53.31 71.35 106.4
ALA 29 53.4867 73.7467 110.8
PHE 28 60.69 74.7 108.24
MET 246 63.7 73.57 108.05
LEU 243 65.38 70.05 109.41
ALA 242 63.6967 69.8467 103.9
frame 256: 
SER 66 61.34 65.3 103.05
ALA 63 56.86 66.4667 106.453
PRO 59 53.02 71.67 107.07
ALA 29 52.96 74.3133 111.15
PHE 28 60.16 75.86 108.55
MET 246 63.2 74.11 107.62
LEU 243 65.3933 70.0067 109.377
ALA 242 63.4133 69.9667 104.377
frame 257: 
SER 66 60.72 65.17 103.04
ALA 63 56.8 66.7667 106.163
PRO 59 53.4 71.94 106.74
ALA 29 52.5467 74.2167 111.047
PHE 28 60.08 75.29 107.85
MET 246 62.97 74.26 107.39
LEU 243 65.0967 70.17 109.033
ALA 242 63.35 70.4333 103.89
frame 258: 
SER 66 60.34 65.26 103.15
ALA 63 56.1 67.1067 106.343
PRO 59 52.42 72.29 106.49
ALA 29 53.0633 74.3767 111.05
PHE 28 59 75.27 107.39
MET 246 62.71 74.16 107.33
LEU 243 65.5567 69.98 109.69
ALA 242 63.3 70.1867 103.89
frame 259: 
SER 66 60.74 65.85 102.77
ALA 63 56.9533 67.6133 105.973
PRO 59 53.33 72.1 107.03
ALA 29 53.0533 74.1067 110.84
PHE 28 59.98 75.12 107.73
MET 246 63.31 74.59 107.58
LEU 243 65.7067 70.0933 109.32
ALA 242 63.3333 70.4 104.487
frame 260: 
SER 66 60.91 65.68 102.93
ALA 63 57.4433 67.82 106.153
PRO 59 52.61 72.32 106.9
ALA 29 52.36 74.3067 111.487
PHE 28 60.77 76.96 108.67
MET 246 62.91 74.76 107.61
LEU 243 65.3633 71.1 109.61
ALA 242 63.6433 70.7033 104.207
frame 261: 
SER 66 60.88 65.62 102.52
ALA 63 56.9667 67.26 105.767
PRO 59 53.36 71.73 106.5
ALA 29 53.0467 74.1567 110.903
PHE 28 59.86 75 107.7
MET 246 63.17 74.41 107.35
LEU 243 64.8333 70.42 108.823
ALA 242 63.45 70.32 103.82
frame 262: 
SER 66 61.72 65.92 103.06
ALA 63 57.1633 67.6133 106.083
PRO 59 53.45 72.25 106.39
ALA 29 52.7467 74.07 111.003
PHE 28 60.24 77.34 108.12
MET 246 63.02 74.88 107.53
LEU 243 65.3567 70.2067 109.147
ALA 242 63.33 70.6233 103.667
frame 263: 
SER 66 61.19 65.98 102.94
ALA 63 57.3167 67.0967 106.65
PRO 59 53.23 72.65 107.13
ALA 29 53.3 74.63 111.65
PHE 28 59.86 75.9 108.01
MET 246 63.85 74.88 107.29
LEU 243 65.9067 70.78 109.247
ALA 242 63.3433 71.1467 103.933
frame 264: 
SER 66 61.3 66.6 103.54
ALA 63 57.1867 67.51 106.77
PRO 59 52.55 71.93 107.04
ALA 29 52.4467 74.3733 111.343
PHE 28 60.94 77.05 108.25
MET 246 63.43 74.45 107.57
LEU 243 65.3267 70.37 109.12
ALA 242 63.6433 70.8267 103.633
frame 265: 
SER 66 61.18 66.16 103.39
ALA 63 56.82 67.4967 106.82
PRO 59 52.98 72.44 106.99
ALA 29 53.0533 74.21 111.117
PHE 28 60.2 75.82 107.82
MET 246 63.42 73.89 107.65
LEU 243 65.48 70.0867 109.37
ALA 242 63.4833 69.8633 104.017
frame 266: 
SER 66 61.51 66.23 103.12
ALA 63 57.3033 67.3867 106.667
PRO 59 52.94 72.72 107.26
ALA 29 52.8467 74.68 111.4
PHE 28 59.97 75.84 107.97
MET 246 63.4 74.59 107.21
LEU 243 65.0967 70.8767 108.75
ALA 242 63.7 70.8 103.74
frame 267: 
SER 66 61.5 65.86 103.97
ALA 63 57.07 67.5933 106.763
PRO 59 52.92 72.21 107.27
ALA 29 52.8233 74.5333 111.687
PHE 28 60.2 75.64 108.12
MET 246 63.95 74.36 107.49
LEU 243 65.78 70.5567 109.21
ALA 242 63.6767 70.5767 104.17
frame 268: 
SER 66 60.91 66.54 103.77
ALA 63 56.59 68.1233 106.737
PRO 59 52.42 72.59 106.86
ALA 29 53.16 73.9967 110.927
PHE 28 60.86 77.31 108.13
MET 246 63.77 74.66 107.44
LEU 243 65.6867 70.46 109.06
ALA 242 63.5067 70.9633 103.693
frame 269: 
SER 66 61.47 66.18 103.56
ALA 63 57.4233 67.7967 106.823
PRO 59 53.4 72.39 106.85
ALA 29 53.55 74.4567 111.533
PHE 28 59.55 75.98 107.77
MET 246 63.65 74.92 107.61
LEU 243 64.9167 70.8733 108.887
ALA 242 63.26 71.22 103.84
frame 270: 
SER 66 61.7 65.7 103.29
ALA 63 57.2367 67.83 106.54
PRO 59 52.76 72.76 107
ALA 29 53.2967 74.45 111.283
PHE 28 60.13 75.61 107.91
MET 246 63.46 74.49 107.67
LEU 243 65.3067 70.5633 109.237
ALA 242 63.7067 70.9267 103.277
frame 271: 
SER 66 61.32 66.18 103.82
ALA 63 56.9367 67.4533 106.66
PRO 59 52.53 72.2 107.25
ALA 29 53.1367 74.3467 110.847
PHE 28 59.76 76.31 107.71
MET 246 63.26 74.39 107.39
LEU 243 66.0867 70.4667 109.41
ALA 242 63.4767 70.58 103.93
frame 272: 
SER 66 60.98 65.2 103.42
ALA 63 57.0433 67.9633 106.23
PRO 59 53.38 72.39 106.51
ALA 29 52.9967 74.2833 111.127
PHE 28 60.85 75.96 108.65
MET 246 64.05 73.86 108.01
LEU 243 65.8 70.2533 109.213
ALA 242 63.65 70.3933 103.887
frame 273: 
SER 66 61.44 65.82 103.16
ALA 63 57.0933 67.7633 106.203
PRO 59 52.29 72.29 106.35
ALA 29 52.8667 74.1633 111.887
PHE 28 60.45 76.61 108.76
MET 246 63.58 74.08 107.49
LEU 243 65.52 70.2867 108.86
ALA 242 63.4967 70.6267 103.75
frame 274: 
SER 66 61.35 65.43 103.55
ALA 63 57.1633 67.4567 106.533
PRO 59 52.98 72.09 106.78
ALA 29 53.0367 74.2833 110.843
PHE 28 60.6 75.99 108.1
MET 246 63.76 74.16 108.03
LEU 243 65.8033 69.9067 109.313
ALA 242 63.3367 70.4633 104.093
frame 275: 
SER 66 61.26 65.23 103.54
ALA 63 56.4067 67.0267 106.553
PRO 59 52.05 71.85 106.57
ALA 29 52.6667 74.5367 110.67
PHE 28 60.87 77.3 108.84
MET 246 63.43 74.31 107.32
LEU 243 65.5467 70.4133 109.417
ALA 242 63.5067 69.99 104.253
frame 276: 
SER 66 61.53 65.19 103.69
ALA 63 56.91 67.0767 106.653
PRO 59 53.93 72.1 107.19
ALA 29 53.1033 74.2933 111.38
PHE 28 60.21 75.82 107.83
MET 246 62.93 74.24 107.56
LEU 243 65.9667 69.6067 109.643
ALA 242 63.1433 70.4167 104.187
frame 277: 
SER 66 61.45 65.01 103.42
ALA 63 57.0533 67.1567 106.39
PRO 59 54.62 72.92 106.13
ALA 29 52.95 74.1867 111.53
PHE 28 59.93 75.6 107.77
MET 246 62.93 74.37 107.96
LEU 243 66.0867 69.9367 109.83
ALA 242 62.8333 70.2033 104.673
frame 278: 
SER 66 61.46 64.45 103.62
ALA 63 56.7233 67.87 106.47
PRO 59 53.89 72.32 106.66
ALA 29 52.9233 74.2633 110.82
PHE 28 59.61 75.06 107.84
MET 246 63.6 74.23 107.84
LEU 243 66.1967 70.1533 109.623
ALA 242 63.3133 70.47 104.17
frame 279: 
SER 66 61.37 65.67 103.06
ALA 63 56.96 67.4633 106.13
PRO 59 54.48 72.37 106.2
ALA 29 52.9467 74.09 111.573
PHE 28 59.97 75.48 108.01
MET 246 63.37 74.46 107.81
LEU 243 66.3467 70.2333 109.757
ALA 242 63.4433 70.5733 104.023
frame 280: 
SER 66 61.03 65.22 103.65
ALA 63 56.4967 67.5867 106.14
PRO 59 53.65 72.38 106.82
ALA 29 53.0333 74.73 110.677
PHE 28 60.01 76.45 108.09
MET 246 63.04 74.6 107.47
LEU 243 65.4733 70.57 109.433
ALA 242 63.4167 70.6267 103.927
frame 281: 
SER 66 61.1 65.81 103.4
ALA 63 57.1967 67.47 106.527
PRO 59 54.23 73.24 106.58
ALA 29 52.76 74.2233 111.45
PHE 28 59.77 75.85 107.74
MET 246 63.15 74.25 107.39
LEU 243 66.1233 70.71 109.813
ALA 242 63.44 70.77 103.143
frame 282: 
SER 66 61.04 65.49 103.13
ALA 63 56.8733 67.14 106.31
PRO 59 54.19 72.45 106.21
ALA 29 53.02 74.0567 111.113
PHE 28 59.85 75.8 107.91
MET 246 63.17 74.31 107.44
LEU 243 65.5633 70.8367 109.64
ALA 242 63.1233 70.7933 104.047
frame 283: 
SER 66 60.84 65.31 103.41
ALA 63 56.4233 66.47 106.443
PRO 59 53 71.67 106.86
ALA 29 52.4967 74.1233 111.437
PHE 28 60.09 75.84 108.06
MET 246 62.67 74.42 108.32
LEU 243 65.3467 70.5267 109.783
ALA 242 62.9233 70.54 104.397
frame 284: 
SER 66 60.37 65.11 104.02
ALA 63 56.72 67.3933 106.577
PRO 59 53.15 72.03 106.85
ALA 29 53.6667 74.3733 111.117
PHE 28 59.4 75.84 108.06
MET 246 63.45 74.24 107.73
LEU 243 65.16 70.3167 109.433
ALA 242 63.0567 70.51 104.49
frame 285: 
SER 66 61.02 65.36 103.36
ALA 63 56.72 67.0667 106.623
PRO 59 53.49 72.87 106.68
ALA 29 52.9167 74.1133 111.31
PHE 28 59.93 75.25 108.68
MET 246 62.66 74.53 107.64
LEU 243 66.01 70.3167 109.857
ALA 242 63.0233 70.6567 104.153
frame 286: 
SER 66 60.97 65.55 103.2
ALA 63 57.09 66.6367 106.687
PRO 59 52.38 72.62 107.1
ALA 29 52.2767 74.55 112.073
PHE 28 58.19 76.39 107.93
MET 246 62.88 74.22 107.75
LEU 243 65.9067 70.2433 109.857
ALA 242 63.0167 70.1367 104.357
frame 287: 
SER 66 60.63 66.32 103.79
ALA 63 56.6333 67.64 107.143
PRO 59 52.38 72.38 107.47
ALA 29 52.4567 74.28 111.577
PHE 28 60.15 77.5 108.07
MET 246 63.2 74.13 107.8
LEU 243 65.4167 70.38 109.673
ALA 242 62.9433 70.25 104.377
frame 288: 
SER 66 61.26 65.71 103.3
ALA 63 56.9333 67.9767 106.383
PRO 59 53.84 72.79 106.37
ALA 29 52.3633 74.26 111.253
PHE 28 60.09 77.17 108.42
MET 246 63.06 73.92 107.8
LEU 243 66.3333 69.5267 109.763
ALA 242 63.1833 69.9267 104.08
frame 289: 
SER 66 61.49 66.03 103.55
ALA 63 56.3767 67.91 106.97
PRO 59 52.28 72.67 106.82
ALA 29 52.5633 74.7133 112.113
PHE 28 59.51 75.61 108.7
MET 246 62.68 74.13 107.84
LEU 243 64.9767 70.0467 109.603
ALA 242 62.9 70.63 103.643
frame 290: 
SER 66 61.42 66.27 103.42
ALA 63 56.67 67.7933 106.697
PRO 59 52.69 72.2 106.72
ALA 29 52.5267 74.5033 112.15
PHE 28 59.39 76.4 108.01
MET 246 62.97 74.2 107.82
LEU 243 65.6933 70.4267 109.91
ALA 242 63.11 70.65 104.19
frame 291: 
SER 66 60.99 65.93 103.18
ALA 63 56.76 67.9 106.283
PRO 59 52.39 72.23 106.98
ALA 29 52.3933 74.54 111.423
PHE 28 59.44 75.6 108.4
MET 246 62.82 74.39 107.56
LEU 243 65.58 69.82 109.443
ALA 242 63.05 70.22 104.147
frame 292: 
SER 66 60.92 65.59 103.81
ALA 63 56.31 67.1733 106.637
PRO 59 52.54 72.74 106.61
ALA 29 52.7267 73.8967 111.583
PHE 28 59.23 75.41 107.97
MET 246 62.69 73.88 108.11
LEU 243 66.0267 69.9167 109.77
ALA 242 63.4333 69.8467 104.39
frame 293: 
SER 66 61.2 65.24 103.37
ALA 63 56.8333 68.0733 106.29
PRO 59 54.13 72.83 105.92
ALA 29 52.52 74.5733 111.407
PHE 28 60.47 76.69 108.47
MET 246 62.85 74.06 108.27
LEU 243 66.4933 70.3667 109.687
ALA 242 63.1567 70.36 104.227
frame 294: 
SER 66 60.83 64.71 103.66
ALA 63 57.1733 68.0433 105.867
PRO 59 52.13 73.1 106.44
ALA 29 52.3933 73.7433 111.233
PHE 28 59.68 75.11 107.83
MET 246 63.08 73.95 107.99
LEU 243 65.7267 69.92 109.413
ALA 242 62.7433 69.9733 104.633
frame 295: 
SER 66 60.69 65.81 103.11
ALA 63 55.8233 67.6333 106.157
PRO 59 51.97 72.23 106.02
ALA 29 51.7133 74.29 111.71
PHE 28 59.18 75.5 108.34
MET 246 62.25 74.41 107.22
LEU 243 64.7833 70.5067 109.197
ALA 242 62.7567 70.26 103.867
frame 296: 
SER 66 60.66 65.01 103.78
ALA 63 56.39 67.8833 106.56
PRO 59 52.02 72.66 106.72
ALA 29 52 74.0967 111.25
PHE 28 59.3 75.4 108.28
MET 246 62.2 74.34 107.8
LEU 243 65.2767 70.06 109.403
ALA 242 62.37 70.5467 103.837
frame 297: 
SER 66 60.64 65.46 103.04
ALA 63 56.6033 67.8 106.177
PRO 59 52.27 72.41 106.62
ALA 29 52.1633 74.4633 111.63
PHE 28 59.14 75.5 108.52
MET 246 62.75 74.13 107.87
LEU 243 65.13 70.3733 109.66
ALA 242 62.4733 70.6833 104.063
frame 298: 
SER 66 59.98 66.27 102.94
ALA 63 56.1167 67.8333 106.59
PRO 59 51.81 72.81 106.59
ALA 29 52.4533 74.2433 111.38
PHE 28 59.86 75.51 108.96
MET 246 62.55 74.43 107.92
LEU 243 64.9833 70.3167 109.54
ALA 242 62.3833 70.8933 104.067
frame 299: 
SER 66 60.73 66.3 103.31
ALA 63 56.62 68.1367 106.667
PRO 59 52.54 72.62 106.82
ALA 29 52.21 74.01 111.723
PHE 28 59.02 75.68 108.72
MET 246 61.8 74.61 107.88
LEU 243 65.3033 70.1633 109.443
ALA 242 62.7733 70.4767 103.87
frame 300: 
SER 66 60.78 65.93 103.68
ALA 63 56.2767 67.8267 106.427
PRO 59 53.25 73.33 106.39
ALA 29 52.0733 74.4933 111.043
PHE 28 59.3 75.6 107.84
MET 246 62.55 74.29 108.13
LEU 243 65.3433 70.9967 109.607
ALA 242 62.9067 70.5367 104.457
frame 301: 
SER 66 60.93 66.13 103.58
ALA 63 56.7367 68.2567 106.203
PRO 59 53.37 73.37 106.1
ALA 29 51.6133 74.7667 111.16
PHE 28 59.96 77.62 108.67
MET 246 62.36 74.83 107.42
LEU 243 64.4433 70.7867 108.877
ALA 242 62.6367 70.9467 103.907
