1 10.9562
2 11.1734
3 9.86474
4 10.4905
5 8.23998
6 9.72643
7 9.63611
8 9.01055
9 7.93313
10 7.75922
11 7.10713
12 7.96439
13 8.83687
14 7.91886
15 8.43065
16 9.03612
17 9.04006
18 8.94267
19 9.11165
20 8.59761
21 9.67917
22 9.92309
23 7.64308
24 7.78812
25 6.30334
26 6.91393
27 7.31752
28 7.55216
29 7.8621
30 7.87524
31 8.39307
32 6.96616
33 7.96724
34 7.19325
35 7.35475
36 7.82483
37 7.41828
38 8.12625
39 8.17868
40 8.33509
41 8.89151
42 9.14843
43 8.86861
44 8.96382
45 7.47002
46 8.86666
47 9.33343
48 9.24331
49 9.52931
50 8.87906
51 8.68609
52 8.25737
53 7.10346
54 9.25626
55 8.03261
56 9.12506
57 8.12792
58 7.87872
59 7.59045
60 7.85151
61 8.10407
62 7.96444
63 7.29702
64 8.4709
65 7.8172
66 8.0584
67 7.68258
68 8.67091
69 7.85865
70 10.0409
71 9.72376
72 10.2493
73 10.1643
74 9.09261
75 10.2013
76 8.74438
77 9.83242
78 8.99899
79 10.4221
80 8.97
81 9.43281
82 8.47495
83 10.5093
84 10.6844
85 10.7351
86 10.1766
87 9.84346
88 9.67684
89 7.2161
90 9.89259
91 9.62509
92 9.4979
93 8.98942
94 10.4941
95 8.57227
96 9.04385
97 9.26429
98 8.95119
99 9.33601
100 9.14653
101 9.36476
102 8.72253
103 9.83673
104 8.23846
105 8.89178
106 9.34964
107 8.13941
108 9.43319
109 9.24433
110 9.16926
111 8.00147
112 9.98333
113 7.91815
114 6.82011
115 7.95673
116 6.95894
117 7.45892
118 6.96607
119 8.40174
120 7.86857
121 7.20458
122 7.27874
123 7.94502
124 8.13982
125 7.45409
126 8.12071
127 8.68562
128 8.521
129 9.14243
130 7.2873
131 6.32518
132 6.90976
133 8.86322
134 8.82336
135 8.34558
136 8.96773
137 8.81442
138 7.66473
139 8.54942
140 7.67512
141 9.62238
142 8.05498
143 9.16419
144 7.49934
145 9.45241
146 9.32482
147 9.83546
148 11.0948
149 10.6238
150 9.38456
151 8.97237
152 8.43246
153 7.41729
154 9.72804
155 6.69137
156 9.26112
157 7.55338
158 5.73936
159 7.3204
160 6.60702
161 6.21327
162 8.42593
163 7.47786
164 8.14524
165 7.90254
166 9.16901
167 9.09881
168 8.04907
169 7.5212
170 9.093
171 9.47685
172 8.66679
173 7.41801
174 8.16274
175 8.60939
176 9.6447
177 9.18915
178 8.76041
179 9.85593
180 9.57732
181 7.9591
