    0.000000  137793.015625
    1.000000  136634.546875
    2.000000  136538.765625
    3.000000  137106.484375
    4.000000  137277.859375
    5.000000  138082.953125
    6.000000  137213.718750
    7.000000  136687.687500
    8.000000  137906.937500
    9.000000  136931.015625
   10.000000  136843.484375
   11.000000  137834.500000
   12.000000  136541.875000
   13.000000  137655.093750
   14.000000  137595.406250
   15.000000  137114.296875
   16.000000  136880.828125
   17.000000  136640.765625
   18.000000  138198.015625
   19.000000  138328.390625
   20.000000  136370.546875
   21.000000  137305.765625
   22.000000  138323.265625
   23.000000  135434.562500
   24.000000  136718.968750
   25.000000  137139.125000
   26.000000  138611.718750
   27.000000  137914.546875
   28.000000  138196.515625
   29.000000  138649.078125
   30.000000  135419.906250
   31.000000  137367.343750
   32.000000  135321.515625
   33.000000  135141.687500
   34.000000  132910.218750
   35.000000  136442.406250
   36.000000  133056.031250
   37.000000  133552.546875
   38.000000  132363.531250
   39.000000  134644.953125
   40.000000  134191.640625
   41.000000  135565.421875
   42.000000  135414.265625
   43.000000  133502.468750
   44.000000  134132.875000
   45.000000  134760.468750
   46.000000  136249.421875
   47.000000  133799.484375
   48.000000  134623.031250
   49.000000  133564.015625
   50.000000  130308.789062
   51.000000  130626.304688
   52.000000  132127.125000
   53.000000  130628.804688
   54.000000  134098.593750
   55.000000  130821.203125
   56.000000  130961.492188
   57.000000  129797.601562
   58.000000  132243.593750
   59.000000  131882.484375
   60.000000  132330.984375
