    0.000000  48548.394531
    1.000000  49910.046875
    2.000000  50406.613281
    3.000000  50393.949219
    4.000000  50827.375000
    5.000000  51112.511719
    6.000000  51168.070312
    7.000000  51387.359375
    8.000000  51519.199219
    9.000000  51524.917969
   10.000000  52202.113281
   11.000000  52480.796875
   12.000000  52726.429688
   13.000000  53117.527344
   14.000000  53644.078125
   15.000000  53469.710938
   16.000000  54005.046875
   17.000000  54132.433594
   18.000000  54189.136719
   19.000000  54942.437500
   20.000000  55334.687500
   21.000000  55788.035156
   22.000000  56007.750000
   23.000000  55972.820312
   24.000000  56622.117188
   25.000000  56673.996094
   26.000000  57577.347656
   27.000000  57698.066406
   28.000000  58138.187500
   29.000000  58621.203125
   30.000000  58444.816406
   31.000000  59823.652344
   32.000000  60145.000000
   33.000000  60170.222656
   34.000000  60490.863281
   35.000000  60771.402344
   36.000000  61252.253906
   37.000000  62521.800781
   38.000000  61852.433594
   39.000000  62783.683594
   40.000000  62916.910156
   41.000000  64156.648438
   42.000000  64644.785156
   43.000000  65134.027344
   44.000000  65530.511719
   45.000000  65866.671875
   46.000000  66686.671875
   47.000000  66680.867188
   48.000000  67272.039062
   49.000000  67801.789062
   50.000000  68792.375000
   51.000000  69336.234375
   52.000000  69218.757812
   53.000000  70219.226562
   54.000000  70860.976562
   55.000000  70796.195312
   56.000000  71551.375000
   57.000000  72246.273438
   58.000000  73220.234375
   59.000000  73614.437500
   60.000000  74968.523438
